%chk=opt.chk
%mem=2gb
%nproc=32
#p pbepbe 3-611+G(d) opt scf(xqc,tight)

opt calculation

0 1
C      5.061864   -1.095739   -1.059932
C      4.396509    0.280209   -0.925943
C      4.835533    1.164989   -2.103898
C      4.817936    0.954717    0.386288
C      2.872284    0.114004   -0.954621
O      2.137366    0.592677   -1.809597
O      2.466155   -0.665057    0.127745
C      1.078819   -0.872803    0.201485
C      0.510535   -1.804864   -0.663066
C     -0.852556   -2.054740   -0.586226
C     -1.656059   -1.391050    0.361867
C     -3.142363   -1.716552    0.370594
C     -4.062043   -0.637010   -0.162595
C     -5.323594   -0.453343    0.425842
C     -6.206280    0.511312   -0.063949
C     -5.844812    1.297109   -1.155403
C     -4.603723    1.114743   -1.760682
C     -3.720464    0.149217   -1.272928
C     -1.069055   -0.453917    1.264953
C     -1.806628    0.242926    2.250851
C     -1.203030    1.148736    3.125988
C      0.160130    1.384765    3.043326
C      0.916162    0.717421    2.082082
C      0.325113   -0.198769    1.184137
H      4.724903   -1.609165   -1.967849
H      4.820111   -1.745819   -0.211538
H      6.152862   -1.005956   -1.106743
H      4.547771    0.720558   -3.063803
H      4.370872    2.156443   -2.050489
H      5.922295    1.305009   -2.113250
H      4.584311    0.329934    1.255663
H      4.296831    1.909255    0.523172
H      5.895660    1.151689    0.402793
H      1.119305   -2.321400   -1.398510
H     -1.294086   -2.769529   -1.277959
H     -3.329918   -2.623998   -0.219107
H     -3.421665   -1.983343    1.398464
H     -5.627999   -1.062215    1.274341
H     -7.176989    0.647656    0.405225
H     -6.530166    2.049109   -1.536715
H     -4.319515    1.724259   -2.614597
H     -2.758661    0.025663   -1.766423
H     -2.878809    0.094749    2.350808
H     -1.804154    1.668479    3.867302
H      0.636041    2.088516    3.720471
H      1.983204    0.921125    2.036612

