%chk=opt.chk
%mem=2gb
%nproc=32
#p pbepbe 3-611+G(d) opt scf(xqc,tight)

opt calculation

0 1
C     -6.070397   -1.071117   -0.969297
C     -5.071568   -0.036763   -0.417432
C     -5.145278    1.224743   -1.291663
C     -5.466563    0.296824    1.029538
C     -3.641545   -0.629675   -0.456368
O     -3.437103   -1.765650   -0.876010
N     -2.666196    0.232540    0.019951
C     -1.276435    0.003980    0.106978
C     -0.646996   -1.173705   -0.304867
C      0.739640   -1.315746   -0.189138
C      1.498235   -0.270894    0.328750
O      2.875035   -0.486253    0.469912
C      3.728848    0.442872   -0.126772
O      3.379998    1.427202   -0.766731
C      5.186333    0.046175    0.137337
C      5.458391   -1.338870   -0.464300
C      6.121990    1.070556   -0.524714
C      5.448697    0.035866    1.649058
C      0.890112    0.900800    0.767422
C     -0.495161    1.038166    0.645546
H     -6.056407   -1.992808   -0.375969
H     -7.094964   -0.682463   -0.956525
H     -5.830021   -1.342784   -2.003786
H     -4.795809    1.016881   -2.309536
H     -6.172475    1.600878   -1.357683
H     -4.526825    2.037147   -0.895519
H     -6.511156    0.622734    1.089363
H     -4.851378    1.099481    1.449873
H     -5.348064   -0.577788    1.679470
H     -2.974698    1.138486    0.344991
H     -1.205549   -2.005074   -0.722713
H      1.215779   -2.238698   -0.506876
H      5.218026   -1.357592   -1.533555
H      6.510631   -1.621741   -0.348765
H      4.853447   -2.115191    0.017550
H      5.959448    1.115140   -1.607920
H      5.952888    2.078120   -0.127259
H      7.174312    0.816567   -0.354848
H      4.843449   -0.721741    2.159442
H      6.500423   -0.180153    1.867636
H      5.201467    1.004771    2.098002
H      1.479220    1.708465    1.191216
H     -0.951782    1.966315    0.979055

