%chk=opt.chk
%mem=2gb
%nproc=32
#p pbepbe 3-611+G(d) opt scf(xqc,tight)

opt calculation

0 1
C      5.418039   -1.470907   -0.129395
C      4.911766   -0.599616    1.008841
N      4.118921    0.524163    0.517013
C      4.803100    1.782779    0.245615
C      4.843507    2.677373    1.474141
C      2.747625    0.440712    0.298622
O      2.067787    1.389093   -0.083463
O      2.248541   -0.833247    0.557859
C      0.872463   -0.956608    0.352854
C     -0.013751   -0.551016    1.352002
C     -1.383607   -0.713227    1.150909
C     -1.842528   -1.277859   -0.045084
C     -3.289318   -1.457083   -0.271539
O     -3.718837   -2.608385   -0.273519
N     -4.085075   -0.327172   -0.476462
C     -5.517563   -0.541015   -0.678744
C     -5.854670   -0.857021   -2.128515
C     -3.562861    1.023510   -0.717920
C     -3.808973    1.957521    0.456892
C     -0.944954   -1.723820   -1.022372
C      0.425078   -1.561102   -0.822105
H      4.587694   -1.885564   -0.710244
H      6.010098   -2.303178    0.263465
H      6.048791   -0.895443   -0.814764
H      5.752996   -0.210191    1.592686
H      4.305218   -1.206016    1.689913
H      4.287499    2.310223   -0.564831
H      5.818185    1.565947   -0.105091
H      5.369037    2.189017    2.301133
H      5.360762    3.614267    1.245587
H      3.832477    2.919487    1.818295
H      0.357458   -0.111836    2.272894
H     -2.087440   -0.412026    1.921322
H     -6.063055    0.348533   -0.347834
H     -5.846834   -1.372981   -0.045574
H     -5.569337   -0.033235   -2.790359
H     -6.930386   -1.025169   -2.239233
H     -5.331514   -1.755754   -2.471119
H     -2.492013    0.989856   -0.935164
H     -4.046488    1.421195   -1.617078
H     -3.355576    1.573576    1.374982
H     -4.878769    2.087851    0.646157
H     -3.381529    2.943791    0.251070
H     -1.315296   -2.193830   -1.929704
H      1.133332   -1.899382   -1.572138

