%chk=opt.chk
%mem=2gb
%nproc=32
#p pbepbe 3-611+G(d) opt scf(xqc,tight)

opt calculation

0 1
C      6.506933    0.726301   -1.542788
C      5.959921    0.638561   -0.111985
C      6.773176    1.578741    0.792373
C      6.081917   -0.794587    0.422460
C      4.487841    1.068228   -0.100461
O      4.047961    2.023049    0.527857
O      3.744273    0.211105   -0.909766
C      2.376580    0.522918   -0.967545
C      1.977971    1.556034   -1.817436
C      0.628276    1.858322   -1.926709
C     -0.309051    1.118947   -1.201253
C      0.073719    0.054280   -0.351712
C     -0.869069   -0.710439    0.381113
O     -2.192348   -0.369509    0.236837
Si    -3.632445   -0.909064    0.877037
C     -3.718981   -0.700719    2.738901
C     -4.017311   -2.680685    0.395907
C     -5.148427    0.280031    0.064774
C     -6.510010   -0.174910    0.622468
C     -4.874879    1.747963    0.450869
C     -5.119123    0.125115   -1.469435
C     -0.449085   -1.759662    1.202891
C      0.904298   -2.064700    1.308765
C      1.843788   -1.321814    0.596726
C      1.451140   -0.255030   -0.237102
H      7.575748    0.487139   -1.574186
H      6.372844    1.733350   -1.954319
H      5.993145    0.030332   -2.215480
H      6.406329    1.552041    1.825100
H      7.832684    1.299455    0.806650
H      6.706009    2.617512    0.448508
H      7.130644   -1.104404    0.491159
H      5.567900   -1.513209   -0.225766
H      5.636769   -0.881724    1.420331
H      2.712083    2.124723   -2.379340
H      0.298782    2.667784   -2.572379
H     -1.361580    1.378313   -1.304059
H     -3.534572    0.339392    3.022570
H     -2.969444   -1.324576    3.234206
H     -4.702433   -0.991408    3.118967
H     -4.007941   -2.798869   -0.691384
H     -3.276827   -3.366624    0.817296
H     -5.001902   -2.980476    0.765860
H     -7.320442    0.436502    0.209488
H     -6.551167   -0.082415    1.713145
H     -6.722670   -1.218716    0.367416
H     -5.636769    2.409438    0.023057
H     -4.889181    1.888371    1.537311
H     -3.898865    2.085389    0.083827
H     -5.886075    0.753079   -1.936895
H     -4.149323    0.421303   -1.885272
H     -5.310311   -0.909804   -1.773819
H     -1.154430   -2.356199    1.770390
H      1.229550   -2.881531    1.947848
H      2.894382   -1.582644    0.698582

