%chk=opt.chk
%mem=2gb
%nproc=32
#p pbepbe 3-611+G(d) opt scf(xqc,tight)

opt calculation

0 1
C     -1.948326    2.281126   -1.108343
C     -2.519928    1.615521    0.132613
N     -3.018819    0.274877   -0.158572
C     -4.384186    0.141852   -0.653613
C     -5.371050   -0.073723    0.482485
C     -2.227041   -0.864615   -0.057633
O     -2.632565   -1.988977   -0.338071
O     -0.944162   -0.585414    0.416115
C     -0.045219   -1.657796    0.539210
C     -0.368168   -2.783474    1.301663
C      0.556737   -3.822235    1.430455
C      1.805030   -3.734045    0.811282
C      2.140289   -2.596500    0.075630
C      1.222315   -1.545556   -0.036859
C      1.611047   -0.338369   -0.789928
O      1.125114   -0.179568   -1.906835
N      2.536086    0.538886   -0.212814
C      2.985138    1.676874   -1.014242
C      2.074468    2.885367   -0.866807
C      2.955828    0.493345    1.192504
C      4.380736   -0.012289    1.358183
H     -2.716607    2.409305   -1.877557
H     -1.547222    3.268517   -0.860583
H     -1.144159    1.679148   -1.542364
H     -1.746111    1.564820    0.905450
H     -3.341009    2.213717    0.542885
H     -4.648330    1.040037   -1.222146
H     -4.442359   -0.705819   -1.345512
H     -5.355410    0.767619    1.182865
H     -5.130555   -0.981165    1.046108
H     -6.387582   -0.173446    0.089915
H     -1.339795   -2.867883    1.781056
H      0.296257   -4.708376    2.004637
H      2.514225   -4.553490    0.899904
H      3.109227   -2.530541   -0.412169
H      4.007850    1.936793   -0.723046
H      3.018912    1.381781   -2.069307
H      2.443178    3.714668   -1.478283
H      2.025817    3.223987    0.172702
H      1.056539    2.651698   -1.189520
H      2.868971    1.503263    1.608201
H      2.278734   -0.137524    1.774716
H      4.643503   -0.058681    2.419642
H      5.099184    0.648204    0.863176
H      4.503418   -1.011916    0.932416

