%chk=opt.chk
%mem=2gb
%nproc=32
#p pbepbe 3-611+G(d) opt scf(xqc,tight)

opt calculation

0 1
C      6.127927   -0.058479   -1.575790
C      5.607026    0.024975   -0.161053
C      6.149208    1.252862    0.529336
C      6.075344   -1.245810    0.561498
C      4.144645   -0.020627   -0.191959
O      3.562829   -0.115609   -1.302795
O      3.347292    0.035428    0.947980
C      1.976533   -0.014859    0.811281
C      1.249482    1.135050    0.660068
C     -0.119382    1.105384    0.522196
C     -0.825148   -0.099207    0.530673
B     -2.373737   -0.136530    0.374958
O     -3.174881   -1.213260   -0.230912
C     -4.480137   -0.688540   -0.155277
C     -5.415491   -1.326685   -1.126659
C     -4.965904   -0.923172    1.258180
C     -4.222816    0.770922   -0.427530
C     -3.691856    0.906707   -1.820849
C     -5.411512    1.636802   -0.140558
O     -3.223686    1.049100    0.534501
C     -0.076537   -1.246185    0.683890
C      1.314263   -1.217445    0.824068
H      7.118624   -0.546748   -1.540245
H      6.149277    0.944313   -2.057560
H      5.428131   -0.714361   -2.144734
H      6.762335    1.866059   -0.193945
H      6.845125    0.915940    1.324677
H      5.383048    1.917774    0.923552
H      5.690978   -1.238587    1.588539
H      5.595783   -2.099947    0.007365
H      7.168656   -1.329844    0.560930
H      1.761061    2.076843    0.649322
H     -0.682337    2.019989    0.403511
H     -5.304643   -2.424275   -1.094082
H     -6.461646   -1.121112   -0.756607
H     -5.298303   -0.914893   -2.164676
H     -5.152827   -2.018488    1.355555
H     -5.920675   -0.409474    1.467570
H     -4.207181   -0.665934    2.022392
H     -3.256932   -0.049700   -2.190415
H     -2.966737    1.756721   -1.929971
H     -4.538288    1.150746   -2.507444
H     -5.560625    1.658048    0.958099
H     -6.300185    1.300454   -0.691318
H     -5.146534    2.673531   -0.436294
H     -0.554234   -2.223447    0.700452
H      1.874665   -2.134433    0.942663

