%chk=opt.chk
%mem=2gb
%nproc=32
#p pbepbe 3-611+G(d) opt scf(xqc,tight)

opt calculation

0 1
C      5.369462    2.228198    0.384395
C      5.513339    0.730779    0.081756
C      6.760563    0.193928    0.802492
C      5.671860    0.500662   -1.426900
C      4.272826   -0.016776    0.585944
O      4.291660   -0.908830    1.424917
O      3.137261    0.473343   -0.060980
C      1.900431   -0.091370    0.280973
C      1.105808   -0.554434   -0.763045
C     -0.159049   -1.078183   -0.486817
C     -0.645745   -1.127738    0.829681
C     -2.020296   -1.693908    1.170604
C     -3.026493   -0.677391    1.705014
C     -3.594263    0.176257    0.579708
O     -2.607616    1.121933    0.134973
C     -3.240838    2.396035    0.195326
C     -4.260034    2.233073    1.286456
O     -4.729145    0.898593    1.105284
C     -4.015481   -0.696580   -0.573228
C     -4.943483   -0.248662   -1.530900
C     -5.327182   -1.065557   -2.595777
C     -4.788227   -2.342123   -2.719485
C     -3.864494   -2.796249   -1.780026
C     -3.475125   -1.977126   -0.716408
O     -2.557294   -2.529061    0.133417
C      0.173491   -0.636732    1.864596
C      1.438206   -0.110539    1.593123
H      5.194353    2.398543    1.452930
H      6.271841    2.779353    0.096876
H      4.526076    2.671146   -0.157141
H      6.683725    0.334086    1.886955
H      7.667885    0.705837    0.462651
H      6.893999   -0.878852    0.620201
H      4.831021    0.920392   -1.990469
H      5.715872   -0.569598   -1.659141
H      6.588292    0.967195   -1.805266
H      1.461597   -0.510623   -1.787620
H     -0.762653   -1.439832   -1.315849
H     -1.831853   -2.398518    1.992863
H     -3.853224   -1.222299    2.182955
H     -2.582324   -0.045824    2.483801
H     -3.713586    2.590287   -0.773072
H     -2.509801    3.182112    0.399688
H     -3.802357    2.302768    2.279133
H     -5.085178    2.946303    1.219680
H     -5.380500    0.743235   -1.442794
H     -6.048872   -0.705418   -3.324315
H     -5.085080   -2.983558   -3.544681
H     -3.440799   -3.792599   -1.876172
H     -0.169670   -0.663966    2.896776
H      2.051092    0.268287    2.405018

