%chk=opt.chk
%mem=2gb
%nproc=32
#p pbepbe 3-611+G(d) opt scf(xqc,tight)

opt calculation

0 1
C      6.978827    0.984422   -1.200283
C      6.530833    0.710976    0.241263
C      6.998578   -0.678462    0.694503
C      7.148955    1.770992    1.167208
C      5.001708    0.793568    0.322503
O      4.384035    1.610438    0.994316
O      4.436016   -0.193692   -0.483643
C      3.038103   -0.211198   -0.501013
C      2.325880    0.793157   -1.148210
C      0.933677    0.717492   -1.193935
C      0.251362   -0.365035   -0.610502
C     -1.152059   -0.449944   -0.651457
C     -1.818496   -1.528118   -0.072273
O     -3.172852   -1.700075   -0.061812
Si    -4.499491   -0.870225   -0.627623
C     -4.291055   -0.139397   -2.342882
C     -6.007909   -2.012390   -0.655291
C     -4.971989    0.679322    0.673837
C     -5.227586    0.086520    2.075017
C     -6.237957    1.398505    0.165505
C     -3.797646    1.675405    0.738206
C     -1.084358   -2.534400    0.554128
C      0.309138   -2.468730    0.604960
C      0.991970   -1.389196    0.027773
C      2.391518   -1.305218    0.070294
H      8.071388    0.993512   -1.281318
H      6.602592    0.222079   -1.891621
H      6.604970    1.953050   -1.551582
H      8.092226   -0.741928    0.714048
H      6.627842   -0.910053    1.699614
H      6.635123   -1.466313    0.025337
H      6.840881    1.617048    2.208011
H      8.243786    1.738907    1.134135
H      6.835610    2.781400    0.879755
H      2.840848    1.632547   -1.605168
H      0.381854    1.513022   -1.689843
H     -1.706184    0.344464   -1.136607
H     -3.597157    0.704554   -2.344837
H     -5.251883    0.219081   -2.724660
H     -3.913393   -0.896081   -3.037093
H     -6.893649   -1.477049   -1.007746
H     -5.825677   -2.855945   -1.327618
H     -6.211000   -2.407108    0.343796
H     -4.350611   -0.454208    2.448728
H     -6.072459   -0.610867    2.070716
H     -5.459806    0.879446    2.795249
H     -6.511688    2.221615    0.835461
H     -6.086380    1.823066   -0.833008
H     -7.096008    0.719797    0.113267
H     -3.561131    2.087387   -0.248745
H     -2.891864    1.204615    1.134030
H     -4.040232    2.517476    1.396484
H     -1.600779   -3.376652    1.007700
H      0.854915   -3.267542    1.101474
H      2.978661   -2.084039    0.548227

