%chk=opt.chk
%mem=2gb
%nproc=32
#p pbepbe 3-611+G(d) opt scf(xqc,tight)

opt calculation

0 1
C     -5.632910   -0.713403   -1.348745
C     -5.266123   -0.032451   -0.023565
C     -5.421986   -1.013800    1.145604
C     -6.205743    1.163534    0.199715
C     -3.816511    0.463682   -0.086439
O     -3.476140    1.634450    0.029367
O     -2.959757   -0.618244   -0.289925
C     -1.598289   -0.306703   -0.381054
C     -1.104698    0.443266   -1.443658
C      0.266941    0.684514   -1.526432
C      1.148656    0.165565   -0.561859
C      2.533023    0.401666   -0.633970
C      3.422936   -0.118733    0.321612
C      4.868935    0.140713    0.230159
C      5.365080    1.452978    0.155848
C      6.737776    1.700585    0.069446
C      7.638181    0.638435    0.054796
C      7.167474   -0.670141    0.127125
C      5.794499   -0.916021    0.214701
C      2.892809   -0.891217    1.364476
C      1.519157   -1.135819    1.454794
C      0.635127   -0.613680    0.500681
C     -0.745680   -0.849936    0.578069
H     -6.684687   -1.020360   -1.359157
H     -5.026338   -1.608857   -1.524866
H     -5.468536   -0.038524   -2.196667
H     -4.811837   -1.912829    1.003203
H     -6.463284   -1.336161    1.256722
H     -5.106998   -0.554431    2.089639
H     -7.252585    0.843515    0.249296
H     -5.970684    1.684235    1.135322
H     -6.117768    1.894860   -0.612176
H     -1.773529    0.847084   -2.197383
H      0.645735    1.282872   -2.352164
H      2.929966    0.993896   -1.457325
H      4.679113    2.297630    0.177430
H      7.101481    2.723397    0.016555
H      8.705727    0.830389   -0.012768
H      7.867107   -1.501693    0.112943
H      5.447012   -1.946273    0.259067
H      3.550463   -1.300498    2.128997
H      1.146759   -1.735353    2.282397
H     -1.159873   -1.452138    1.381713

