%chk=opt.chk
%mem=2gb
%nproc=32
#p pbepbe 3-611+G(d) opt scf(xqc,tight)

opt calculation

0 1
C     -3.916682   -0.511014    1.507580
C     -2.528426   -1.125148    1.418384
N     -2.079074   -1.329493    0.042818
C     -2.291585   -2.629956   -0.584309
C     -3.622786   -2.728824   -1.311496
C     -1.576604   -0.290216   -0.738895
O     -1.267950   -0.426951   -1.919093
O     -1.480141    0.902859   -0.028482
C     -0.891425    1.945633   -0.755585
C     -1.730540    2.786705   -1.490329
C     -1.179461    3.855170   -2.193211
C      0.195847    4.084998   -2.143607
C      1.026074    3.247292   -1.390058
C      0.494214    2.158771   -0.685657
C      1.346045    1.298662    0.149733
C      2.532404    0.815427   -0.251944
C      3.368253   -0.062467    0.577072
C      2.826298   -1.122994    1.315294
C      3.653608   -1.957308    2.071198
C      5.030743   -1.745295    2.087945
C      5.582261   -0.703684    1.344576
C      4.755253    0.130138    0.587800
H     -3.970283    0.441742    0.971750
H     -4.674273   -1.174869    1.083084
H     -4.180738   -0.328078    2.553927
H     -2.502006   -2.082902    1.949272
H     -1.813612   -0.466245    1.924377
H     -1.484330   -2.806052   -1.305020
H     -2.210781   -3.412801    0.177497
H     -3.700932   -3.691899   -1.825700
H     -4.462580   -2.653591   -0.615704
H     -3.730638   -1.933990   -2.056367
H     -2.800139    2.604145   -1.521304
H     -1.820032    4.509953   -2.778052
H      0.625141    4.922580   -2.687941
H      2.091189    3.462624   -1.350401
H      0.941913    1.051515    1.128108
H      2.932636    1.057877   -1.233363
H      1.756694   -1.317697    1.297278
H      3.222515   -2.776291    2.640661
H      5.674465   -2.395270    2.674684
H      6.656677   -0.540278    1.351030
H      5.202788    0.937222    0.012452

