%chk=opt.chk
%mem=2gb
%nproc=32
#p pbepbe 3-611+G(d) opt scf(xqc,tight)

opt calculation

0 1
C     -2.109684   -2.797562    3.009617
O     -3.215678   -2.015878    2.575285
C     -3.296157   -1.966647    1.151047
O     -2.166529   -1.378623    0.515704
C     -1.929554   -0.036964    0.681309
C     -2.735940    0.816138    1.432274
C     -2.420269    2.170335    1.541084
C     -1.296204    2.705406    0.902055
C     -1.003000    4.074129    1.025950
C      0.109130    4.630823    0.397496
C      0.942482    3.824964   -0.364725
C      0.663192    2.462644   -0.494223
C     -0.456716    1.863081    0.133714
C     -0.777251    0.471576    0.030929
C      0.097310   -0.458295   -0.734324
C      1.092318   -1.192201   -0.053645
O      1.205499   -1.090742    1.311989
C      2.328891   -0.285148    1.679803
O      3.489746   -1.087821    1.897064
C      4.592846   -0.295867    2.310310
C      1.924579   -2.082590   -0.725552
C      1.800122   -2.236667   -2.102486
C      0.832999   -1.520250   -2.821958
C      0.722628   -1.694337   -4.211574
C     -0.234766   -1.000487   -4.949518
C     -1.097643   -0.124127   -4.306364
C     -1.000903    0.059567   -2.925270
C     -0.037258   -0.624665   -2.146213
H     -1.164049   -2.338149    2.708110
H     -2.177935   -3.816438    2.616270
H     -2.134345   -2.845407    4.101714
H     -4.215453   -1.443370    0.862226
H     -3.398272   -2.988664    0.767338
H     -3.613279    0.457427    1.961101
H     -3.068826    2.806966    2.139917
H     -1.646470    4.722703    1.617197
H      0.319306    5.691919    0.501170
H      1.808235    4.251154   -0.864725
H      1.335988    1.865436   -1.107061
H      2.539366    0.492423    0.933292
H      2.062117    0.212753    2.618926
H      4.850096    0.436659    1.539081
H      4.369833    0.212249    3.253486
H      5.451526   -0.954824    2.464445
H      2.663109   -2.659544   -0.175326
H      2.462539   -2.934325   -2.610357
H      1.386313   -2.380316   -4.733989
H     -0.307056   -1.148317   -6.023566
H     -1.849583    0.418198   -4.873325
H     -1.697348    0.751676   -2.455706

