%chk=opt.chk
%mem=2gb
%nproc=32
#p pbepbe 3-611+G(d) opt scf(xqc,tight)

opt calculation

0 1
C      6.234162   -2.386326   -0.130759
C      5.647900   -1.070855    0.406756
C      6.724172    0.020360    0.336924
C      5.193368   -1.284610    1.856656
C      4.447053   -0.659468   -0.453685
O      4.043159   -1.284063   -1.426765
O      3.901559    0.524311    0.039917
C      2.784903    0.980366   -0.676500
C      3.002547    1.650929   -1.881915
C      1.913968    2.146432   -2.589639
C      0.621866    1.984201   -2.084110
C      0.395074    1.329754   -0.859393
C     -0.909098    1.180843   -0.351566
C     -1.135373    0.538523    0.863747
O     -2.359942    0.347716    1.435616
Si    -3.942586    0.673077    1.038003
C     -5.037171    0.510056    2.572903
C     -4.228837    2.371836    0.295580
C     -4.635298   -0.741838   -0.317722
C     -4.475268   -2.143420    0.307090
C     -6.121666   -0.465556   -0.622291
C     -3.812676   -0.656536   -1.618297
C     -0.054669    0.040612    1.587297
C      1.246044    0.177587    1.099371
C      1.493589    0.819137   -0.130186
H      6.565900   -2.278310   -1.170002
H      7.096315   -2.709979    0.463114
H      5.490533   -3.191440   -0.107163
H      6.369121    0.966089    0.761597
H      7.623096   -0.273090    0.890426
H      7.015351    0.220132   -0.700749
H      4.823531   -0.356031    2.305812
H      4.379818   -2.017231    1.910081
H      6.017304   -1.647192    2.481323
H      4.008441    1.775666   -2.270630
H      2.066891    2.657965   -3.536318
H     -0.214744    2.379142   -2.657460
H     -1.738141    1.572649   -0.928847
H     -4.951437   -0.491830    3.002417
H     -4.729357    1.236532    3.330732
H     -6.085373    0.696403    2.323797
H     -3.824332    2.447659   -0.716517
H     -5.299787    2.590220    0.242888
H     -3.757396    3.142676    0.912441
H     -5.064976   -2.246672    1.224560
H     -4.812757   -2.919419   -0.389443
H     -3.429349   -2.354676    0.557395
H     -6.512944   -1.197410   -1.338306
H     -6.738696   -0.528865    0.280543
H     -6.265609    0.529972   -1.056635
H     -3.868624    0.340259   -2.068837
H     -2.757289   -0.889514   -1.443064
H     -4.184462   -1.373768   -2.359190
H     -0.224429   -0.460000    2.537056
H      2.066619   -0.223005    1.688660

