%chk=opt.chk
%mem=2gb
%nproc=32
#p pbepbe 3-611+G(d) opt scf(xqc,tight)

opt calculation

0 1
C      6.820153    0.773469    0.491512
O      6.237852    0.272415   -0.704884
C      4.901581   -0.018144   -0.671283
C      4.390320   -0.535738   -1.861260
C      3.040857   -0.877263   -1.968576
C      2.174870   -0.702393   -0.881367
C      0.816486   -1.038561   -0.973564
C     -0.027207   -0.840395    0.121648
C     -1.449653   -1.209553    0.006597
O     -1.694726   -2.412118   -0.035945
N     -2.417100   -0.194759   -0.033478
C     -2.080438    1.243599   -0.178604
C     -2.539864    2.056176    1.033170
C     -2.613865    1.831830   -1.487365
C     -3.847279   -0.579272   -0.028820
C     -4.244950   -1.318868    1.251487
C     -4.255910   -1.361057   -1.279579
C      0.468230   -0.344492    1.328238
C      1.819161   -0.009565    1.427548
C      2.684517   -0.178042    0.331620
C      4.048308    0.158469    0.419986
H      6.378746    1.735503    0.771935
H      6.736731    0.046623    1.306277
H      7.884954    0.939031    0.301191
H      5.050058   -0.677684   -2.713995
H      2.674941   -1.282294   -2.909447
H      0.407255   -1.456390   -1.890721
H     -0.995105    1.356113   -0.233217
H     -3.630330    2.084948    1.121092
H     -2.186086    3.090066    0.959704
H     -2.143399    1.628419    1.960044
H     -2.255599    2.858252   -1.620970
H     -3.707461    1.858602   -1.514934
H     -2.271306    1.240982   -2.343658
H     -4.436769    0.343869   -0.034887
H     -5.330736   -1.457593    1.291738
H     -3.944789   -0.747947    2.136766
H     -3.785067   -2.308811    1.321888
H     -5.342975   -1.492824   -1.308704
H     -3.957475   -0.828118   -2.188225
H     -3.805578   -2.357065   -1.315451
H     -0.189975   -0.225579    2.184572
H      2.195651    0.378410    2.371745
H      4.422972    0.557751    1.357013

