%chk=opt.chk
%mem=2gb
%nproc=32
#p pbepbe 3-611+G(d) opt scf(xqc,tight)

opt calculation

0 1
C      6.364958    1.184192   -2.241909
O      5.165350    1.047823   -1.492237
C      5.266960    0.147094   -0.452951
N      6.414710   -0.486988   -0.239752
C      6.388140   -1.319196    0.795604
O      7.517287   -2.040562    1.122780
C      8.622763   -1.781502    0.268440
N      5.348411   -1.549415    1.582504
C      4.257111   -0.869571    1.252320
O      3.169210   -1.075770    2.092447
C      1.929333   -0.866497    1.540772
C      1.430456   -1.712466    0.552964
C      0.147452   -1.500049    0.050699
C     -0.652607   -0.452510    0.540872
C     -0.153752    0.379875    1.560450
C      1.142015    0.162525    2.054774
C     -0.947155    1.544699    2.095740
C     -2.428330    1.514631    1.716456
C     -2.601102    1.150330    0.229612
C     -2.058627   -0.273396   -0.010777
C     -2.973444   -1.383871    0.539978
C     -4.448096   -1.010341    0.679817
C     -4.926027    0.064492   -0.292000
C     -6.411083    0.371448   -0.048624
C     -4.778236   -0.368157   -1.746870
O     -5.114885   -1.463593   -2.180093
C     -4.158258    0.701398   -2.605145
C     -4.152978    1.904410   -1.675438
C     -4.068994    1.351448   -0.238928
N      4.157848    0.004365    0.254913
H      7.182251    1.566066   -1.619507
H      6.182454    1.916218   -3.034734
H      6.644586    0.238796   -2.720504
H      9.459652   -2.400332    0.607712
H      8.937353   -0.733719    0.330933
H      8.400595   -2.063541   -0.766894
H      2.029239   -2.536077    0.175258
H     -0.232360   -2.162902   -0.724367
H      1.545215    0.802547    2.835792
H     -0.498483    2.464769    1.699733
H     -0.864332    1.581825    3.188770
H     -2.955871    0.798961    2.357006
H     -2.861511    2.500377    1.925849
H     -1.968928    1.856241   -0.328993
H     -1.983705   -0.404803   -1.097763
H     -2.889894   -2.256351   -0.122492
H     -2.624744   -1.736340    1.520512
H     -4.624164   -0.663280    1.706335
H     -5.047389   -1.923897    0.571801
H     -6.807143    1.087313   -0.777434
H     -7.018890   -0.537230   -0.133044
H     -6.567271    0.788584    0.952322
H     -4.761989    0.885123   -3.497035
H     -3.145347    0.403279   -2.886416
H     -5.094632    2.455591   -1.796003
H     -3.347881    2.604628   -1.919110
H     -4.535243    2.093307    0.422519

