%chk=opt.chk
%mem=2gb
%nproc=32
#p pbepbe 3-611+G(d) opt scf(xqc,tight)

opt calculation

0 1
C      9.978711    0.248317    0.443291
O      9.022290   -0.383482   -0.397596
C      7.833951    0.309583   -0.496649
N      7.700816    1.482597    0.113156
C      6.508463    2.047779   -0.052249
O      6.246212    3.271824    0.524817
C      7.369585    3.837821    1.186380
N      5.492418    1.536342   -0.729949
C      5.753576    0.352950   -1.275156
O      4.764255   -0.248517   -2.033889
C      3.556034   -0.480935   -1.416745
C      2.435509   -0.498978   -2.247315
C      1.171755   -0.792005   -1.724588
C      1.001173   -1.076817   -0.356082
C     -0.376167   -1.466454    0.208370
C     -1.534062   -0.607109   -0.333654
C     -1.534481    0.782025   -0.075953
C     -2.573878    1.603462   -0.518402
C     -3.639746    1.045476   -1.217430
O     -4.652119    1.859167   -1.662921
C     -5.719294    1.920361   -0.779552
N     -5.823498    3.035673   -0.066417
C     -6.878840    3.051422    0.738939
O     -7.102009    4.140973    1.554332
C     -6.123006    5.161082    1.416317
N     -7.786209    2.091324    0.851721
C     -7.580819    1.046644    0.062631
O     -8.523747    0.047905    0.184488
C     -8.354933   -1.006615   -0.752704
N     -6.571283    0.899417   -0.786534
C     -3.653307   -0.314781   -1.515240
C     -2.613322   -1.135763   -1.067878
O     -0.396135   -1.218133    1.650603
C     -0.712437   -2.323854    2.377843
O     -0.854429   -2.385030    3.581907
C     -0.800175   -3.427875    1.439065
C     -1.023638   -4.765577    1.718791
C     -1.006741   -5.661709    0.651040
C     -0.759466   -5.205030   -0.653162
C     -0.536545   -3.846634   -0.904391
C     -0.575060   -2.954498    0.162352
C      2.146599   -1.067743    0.463037
C      3.410771   -0.779000   -0.061272
N      6.906366   -0.302045   -1.216287
H      9.600564    0.356028    1.466382
H     10.865122   -0.393890    0.482589
H     10.288688    1.217166    0.034105
H      8.205760    3.989925    0.495245
H      7.674659    3.226012    2.042516
H      7.073858    4.819229    1.567985
H      2.544007   -0.288375   -3.308660
H      0.321109   -0.800028   -2.404438
H     -0.716766    1.231437    0.488282
H     -2.552187    2.669188   -0.305968
H     -5.124715    4.797978    1.685935
H     -6.378460    5.963860    2.114001
H     -6.129675    5.582644    0.405166
H     -9.132596   -1.751241   -0.559603
H     -7.386622   -1.503231   -0.632888
H     -8.489111   -0.644595   -1.776950
H     -4.478979   -0.742388   -2.078686
H     -2.680063   -2.195209   -1.299192
H     -1.194015   -5.102355    2.736381
H     -1.174392   -6.721652    0.829639
H     -0.735326   -5.920009   -1.473885
H     -0.336067   -3.506190   -1.916684
H      2.074228   -1.299018    1.524736
H      4.267846   -0.808849    0.606047

