%chk=opt.chk
%mem=2gb
%nproc=32
#p pbepbe 3-611+G(d) opt scf(xqc,tight)

opt calculation

0 1
C      6.684295   -1.337426    1.451783
O      6.064593   -0.057939    1.456637
C      4.710538   -0.026760    1.265078
C      4.152324    1.251989    1.254899
C      2.778136    1.435852    1.075117
C      1.935290    0.335943    0.890559
C      2.500023   -0.955186    0.898539
C      3.878830   -1.131864    1.093243
C      1.581571   -2.138909    0.751972
C      0.549907   -1.925600   -0.356632
C     -0.000326   -0.481971   -0.464621
C      0.424901    0.432103    0.712830
C     -0.119604    1.855750    0.507196
C     -1.635831    1.864625    0.316107
C     -2.117139    0.959696   -0.844074
C     -1.770132    1.612825   -2.193652
C     -3.637475    0.680099   -0.714873
O     -4.149043    0.163366   -1.948560
C     -5.556415    0.321591   -2.073400
C     -3.728866   -0.407882    0.361913
C     -2.385084   -1.145895    0.342087
C     -1.520410   -0.461248   -0.731576
H      7.758166   -1.189202    1.601032
H      6.548626   -1.839042    0.487873
H      6.316428   -1.957042    2.276278
H      4.794896    2.118241    1.393159
H      2.393967    2.451359    1.083852
H      4.274714   -2.141633    1.107955
H      2.149167   -3.052583    0.539577
H      1.071107   -2.297840    1.710229
H      1.018995   -2.172089   -1.319547
H     -0.249864   -2.663556   -0.232690
H      0.471700   -0.059368   -1.365868
H     -0.013945    0.052793    1.646179
H      0.114870    2.475701    1.381676
H      0.367735    2.333721   -0.351009
H     -2.093350    1.558542    1.264758
H     -1.971303    2.895665    0.146207
H     -0.699970    1.819727   -2.287595
H     -2.041716    0.971661   -3.039270
H     -2.304059    2.562251   -2.312299
H     -4.186717    1.586807   -0.433447
H     -6.085284   -0.181828   -1.259510
H     -5.818076    1.383946   -2.090284
H     -5.868473   -0.126468   -3.020634
H     -4.551790   -1.109437    0.194334
H     -3.876331    0.044679    1.349095
H     -2.534060   -2.204383    0.101171
H     -1.928749   -1.106920    1.336373
H     -1.696768   -0.996862   -1.676381

