%chk=opt.chk
%mem=2gb
%nproc=32
#p pbepbe 3-611+G(d) opt scf(xqc,tight)

opt calculation

0 1
C      3.006096    1.487830    2.067838
C      3.765990    0.340497    1.383537
C      3.242366   -1.014841    1.884384
C      5.256513    0.454509    1.754655
C      3.609453    0.436174   -0.155268
O      4.590304    0.562675   -0.883440
N      2.294341    0.349682   -0.584855
C      1.783885    0.441751   -1.908790
C      2.617230    0.746753   -2.992000
C      2.101165    0.889562   -4.277570
C      0.739186    0.733968   -4.502570
C     -0.127961    0.418553   -3.450576
C     -1.500089    0.263672   -3.715478
C     -2.395824   -0.059388   -2.700620
C     -1.919202   -0.231445   -1.410136
O     -2.868212   -0.613724   -0.442266
C     -2.811250   -0.099452    0.857137
O     -1.975243    0.692192    1.274779
C     -3.952021   -0.688519    1.695002
C     -5.300183   -0.381334    1.028652
C     -3.751339   -2.203753    1.826998
C     -3.934344   -0.055150    3.095695
C     -0.557354   -0.107050   -1.128213
C      0.380394    0.251667   -2.132311
H      3.317420    2.458653    1.665058
H      3.190917    1.495628    3.148013
H      1.923103    1.408908    1.925035
H      3.722987   -1.842092    1.349296
H      2.161690   -1.118481    1.739397
H      3.440283   -1.144974    2.954461
H      5.676625    1.411095    1.421909
H      5.403920    0.385208    2.838451
H      5.845022   -0.343548    1.286797
H      1.604323    0.239572    0.141074
H      3.684427    0.899703   -2.870144
H      2.766951    1.132728   -5.101863
H      0.361304    0.859408   -5.515322
H     -1.883272    0.393040   -4.726113
H     -3.451818   -0.180542   -2.922274
H     -5.389508   -0.868889    0.051185
H     -5.422817    0.695783    0.867024
H     -6.135927   -0.728496    1.646421
H     -2.768429   -2.435144    2.253585
H     -3.808092   -2.704432    0.853833
H     -4.514929   -2.650472    2.473520
H     -4.061484    1.032498    3.040733
H     -2.984281   -0.247362    3.607928
H     -4.738597   -0.454949    3.723500
H     -0.233720   -0.307671   -0.114086

