%chk=opt.chk
%mem=2gb
%nproc=32
#p pbepbe 3-611+G(d) opt scf(xqc,tight)

opt calculation

0 1
C      4.873414   -1.519746    1.491821
C      3.491460   -1.986020    1.063389
N      2.830774   -1.057037    0.150944
C      3.041434   -1.211356   -1.287780
C      4.165893   -0.339550   -1.824702
C      2.154735    0.033898    0.692732
O      2.045863    0.227731    1.899080
O      1.615490    0.859077   -0.290260
C      0.940985    1.983435    0.209401
C      1.690029    3.101496    0.582419
C      1.029006    4.239407    1.035135
C     -0.365044    4.253745    1.096785
C     -1.107844    3.133315    0.702131
C     -0.462164    1.983540    0.245808
N     -1.135873    0.825880   -0.183361
C     -2.477314    0.588943   -0.245691
O     -3.384026    1.348842    0.051045
O     -2.647932   -0.674701   -0.713680
C     -3.976466   -1.232265   -0.888593
C     -3.733336   -2.653283   -1.420517
C     -4.720698   -1.332209    0.447565
C     -4.777068   -0.449808   -1.935446
H      5.562826   -1.487509    0.644117
H      5.290123   -2.207976    2.233948
H      4.837776   -0.519604    1.935257
H      2.867151   -2.099216    1.957566
H      3.547793   -2.972589    0.590886
H      3.239023   -2.265744   -1.509225
H      2.110915   -0.950758   -1.804856
H      5.129569   -0.619573   -1.391599
H      4.242508   -0.451195   -2.910853
H      3.995705    0.718555   -1.602985
H      2.774015    3.082557    0.530216
H      1.596114    5.114281    1.342084
H     -0.882788    5.141441    1.453074
H     -2.190107    3.193247    0.763995
H     -0.565712    0.048685   -0.485497
H     -3.129865   -3.235702   -0.714429
H     -4.672352   -3.188558   -1.596411
H     -3.168939   -2.626411   -2.360026
H     -4.986387   -0.347405    0.843278
H     -4.095183   -1.816970    1.205552
H     -5.649254   -1.904048    0.344401
H     -5.044208    0.550948   -1.583147
H     -4.191013   -0.314309   -2.851403
H     -5.709027   -0.965481   -2.191173

