%chk=opt.chk
%mem=2gb
%nproc=32
#p pbepbe 3-611+G(d) opt scf(xqc,tight)

opt calculation

0 1
C      5.566610    1.746466   -2.062073
C      4.979847    0.512775   -1.392465
C      3.905990    0.891427   -0.371013
C      3.381986   -0.307475    0.441761
C      2.357492    0.162526    1.504134
N      1.178752   -0.731455    1.583524
C      1.671889   -2.115178    1.789602
C      2.466323   -2.614408    0.571804
C      2.727387   -1.437177   -0.388203
C      1.363204   -0.951835   -0.908454
C      0.409990   -0.706824    0.289129
C     -0.514809    0.551384    0.125122
O      0.267192    1.696784   -0.258203
C     -0.141516    2.887543    0.406575
O     -1.432933    3.300604   -0.012486
C     -1.844887    4.484502    0.652110
C     -1.611429    0.275853   -0.907852
C     -1.440910    0.716570   -2.227210
C     -2.426201    0.451471   -3.155141
N     -3.556380   -0.224521   -2.875260
C     -3.736942   -0.653559   -1.617488
C     -4.906017   -1.345733   -1.337431
C     -5.192804   -1.842460   -0.062122
C     -4.287554   -1.645963    0.969789
O     -4.428958   -2.073885    2.259979
C     -5.622109   -2.780609    2.576018
C     -3.104035   -0.950187    0.707670
C     -2.799635   -0.438774   -0.580106
H      6.327494    1.455049   -2.792890
H      6.037847    2.406059   -1.326408
H      4.791159    2.314020   -2.586433
H      4.556926   -0.134363   -2.167772
H      5.784241   -0.045574   -0.900244
H      4.329223    1.622775    0.330292
H      3.082434    1.401736   -0.883342
H      4.244199   -0.738917    0.970660
H      2.850248    0.183796    2.485525
H      2.042468    1.196458    1.339113
H      2.295349   -2.156849    2.691870
H      0.828372   -2.788136    1.987544
H      3.414878   -3.054034    0.901763
H      1.906381   -3.401924    0.052985
H      3.364282   -1.767450   -1.213476
H      1.496191   -0.060115   -1.527598
H      0.927408   -1.719725   -1.560291
H     -0.269472   -1.569785    0.340765
H     -0.988094    0.756748    1.093365
H      0.584828    3.663506    0.142166
H     -0.106477    2.742699    1.493453
H     -2.839056    4.756458    0.287445
H     -1.156509    5.306954    0.434812
H     -1.903580    4.317668    1.732047
H     -0.557762    1.271310   -2.527809
H     -2.329048    0.787282   -4.183304
H     -5.621160   -1.504971   -2.141865
H     -6.127313   -2.373720    0.080070
H     -5.581964   -3.046627    3.636696
H     -6.505583   -2.151867    2.423456
H     -5.693797   -3.710309    2.001900
H     -2.413657   -0.816010    1.537078

