%chk=opt.chk
%mem=2gb
%nproc=32
#p pbepbe 3-611+G(d) opt scf(xqc,tight)

opt calculation

0 1
C      7.998664    2.132642   -1.107574
C      7.467926    0.804780   -1.623647
N      6.589206    0.162347   -0.653875
C      7.186648   -0.735198    0.330977
C      7.198920   -2.175186   -0.156054
C      5.223294    0.423661   -0.704447
O      4.716925    1.198238   -1.510366
O      4.513006   -0.298227    0.252882
C      3.128024   -0.091429    0.304876
C      2.594141    1.153564    0.615253
C      1.210630    1.292036    0.718489
C      0.354821    0.190387    0.525560
C      0.912418   -1.068998    0.229684
C      2.306419   -1.202854    0.134631
C      0.057533   -2.300782    0.080222
C     -1.412609   -1.984383   -0.180961
C     -1.920495   -0.932428    0.817552
C     -1.149859    0.396483    0.633859
C     -1.671183    1.203628   -0.568066
C     -3.171585    1.470049   -0.462167
C     -4.017014    0.180617   -0.335984
C     -4.109672   -0.504677   -1.712079
C     -3.454457   -0.760673    0.758870
C     -4.009734   -0.180370    2.080489
C     -5.221703    0.679843    1.721909
C     -5.439671    0.478420    0.220747
O     -6.035171    1.645512   -0.351471
C     -7.210155    1.182942   -1.015925
C     -7.581252   -0.067819   -0.268669
O     -6.316055   -0.649070    0.039925
H      8.651379    2.597017   -1.853110
H      8.574084    1.996280   -0.186107
H      7.179571    2.826046   -0.889371
H      6.918533    0.976274   -2.556256
H      8.295233    0.125487   -1.856927
H      6.627652   -0.672986    1.270744
H      8.206811   -0.397523    0.544553
H      7.773433   -2.272019   -1.083039
H      7.651826   -2.827573    0.596709
H      6.183991   -2.534536   -0.354606
H      3.239981    2.012255    0.769014
H      0.797894    2.271350    0.951870
H      2.752848   -2.171984   -0.071015
H      0.144082   -2.890075    1.001755
H      0.434785   -2.919292   -0.743167
H     -1.517235   -1.634994   -1.211535
H     -1.995232   -2.909340   -0.097595
H     -1.679455   -1.323150    1.818245
H     -1.319980    0.995435    1.539633
H     -1.157954    2.172165   -0.622936
H     -1.438284    0.694172   -1.510088
H     -3.494858    2.046255   -1.338502
H     -3.333137    2.126926    0.401186
H     -4.587313   -1.487979   -1.645409
H     -3.132395   -0.652111   -2.175000
H     -4.695883    0.102867   -2.410127
H     -3.907586   -1.756015    0.643584
H     -3.273811    0.431123    2.613251
H     -4.294484   -0.993567    2.757994
H     -6.094452    0.380555    2.312852
H     -5.020522    1.730943    1.959590
H     -7.991585    1.946723   -0.996121
H     -6.948969    0.966007   -2.056881
H     -8.094369    0.160079    0.671761
H     -8.192560   -0.757869   -0.855074

