%chk=opt.chk
%mem=2gb
%nproc=32
#p pbepbe 3-611+G(d) opt scf(xqc,tight)

opt calculation

0 1
C      4.457995    1.706425   -2.418441
C      4.938372    1.080255   -1.119047
N      4.095670   -0.038647   -0.715233
C      4.432781   -1.371019   -1.209618
C      5.343785   -2.113760   -0.245576
C      3.003811    0.202915    0.112794
O      2.690144    1.324084    0.501945
O      2.327141   -0.967237    0.447445
C      1.198715   -0.790518    1.254787
C      1.258730   -1.239481    2.574886
C      0.133554   -1.119774    3.392474
C     -1.043986   -0.571198    2.881264
C     -1.088661   -0.163449    1.547227
O     -2.268081    0.425137    1.078846
C     -2.986454   -0.335701    0.160104
O     -2.666755   -1.460472   -0.213358
N     -4.127832    0.320971   -0.289486
C     -4.474085    1.677796    0.125801
C     -5.305710    1.680570    1.398290
C     -5.016452   -0.362864   -1.221030
C     -4.638507   -0.084528   -2.667039
C      0.028319   -0.257386    0.721056
H      4.470402    0.978363   -3.235921
H      5.102923    2.545142   -2.697823
H      3.433314    2.079714   -2.320410
H      4.934535    1.841999   -0.331325
H      5.970459    0.727307   -1.221350
H      3.514943   -1.948767   -1.362648
H      4.914591   -1.273556   -2.188745
H      5.583448   -3.106928   -0.637511
H      6.282004   -1.570298   -0.093265
H      4.868349   -2.237475    0.732878
H      2.174800   -1.672511    2.964975
H      0.174276   -1.453273    4.425872
H     -1.919708   -0.468600    3.514885
H     -3.558781    2.257150    0.287101
H     -5.021786    2.167497   -0.686937
H     -6.241145    1.129332    1.257821
H     -5.553263    2.706216    1.688508
H     -4.764238    1.211572    2.226282
H     -6.046591   -0.045522   -1.025430
H     -4.971905   -1.442822   -1.040709
H     -5.316449   -0.611385   -3.345448
H     -4.694081    0.985707   -2.890867
H     -3.616482   -0.416308   -2.877785
H     -0.012107    0.075329   -0.309808

