%chk=opt.chk
%mem=2gb
%nproc=32
#p pbepbe 3-611+G(d) opt scf(xqc,tight)

opt calculation

0 1
C     -4.163378   -2.244043   -0.563826
C     -4.218193   -0.761364   -0.232235
N     -3.017716   -0.067201   -0.682944
C     -3.016759    0.502255   -2.027691
C     -3.509030    1.940605   -2.026844
C     -1.941060    0.049179    0.190447
O     -1.948572   -0.403737    1.331258
O     -0.864648    0.731267   -0.377725
C      0.174872    1.027012    0.515485
C     -0.048454    2.091732    1.389621
C      0.943888    2.460900    2.283626
C      2.164714    1.776631    2.298381
C      3.159938    2.148423    3.212663
C      4.371664    1.476070    3.233780
C      4.545704    0.450390    2.332427
N      3.608237    0.069200    1.437336
C      2.416840    0.708386    1.399465
C      1.405579    0.339400    0.480135
Si     1.764618   -1.101405   -0.755461
C      0.418830   -1.368052   -2.039509
C      3.352924   -0.730243   -1.709910
C      1.965567   -2.701250    0.218777
H     -5.070732   -2.746052   -0.214484
H     -4.077652   -2.403775   -1.643522
H     -3.301381   -2.722353   -0.087114
H     -4.326429   -0.639895    0.851342
H     -5.094088   -0.296322   -0.697711
H     -3.647915   -0.117069   -2.674413
H     -2.005560    0.469654   -2.443160
H     -3.499790    2.346335   -3.043056
H     -4.531480    2.006979   -1.641151
H     -2.874493    2.574673   -1.399015
H     -0.996911    2.621365    1.382529
H      0.755820    3.281091    2.972011
H      2.993964    2.962096    3.914318
H      5.154202    1.744463    3.933229
H      5.471574   -0.116356    2.298342
H      0.730291   -2.137853   -2.752697
H      0.228852   -0.450397   -2.602645
H     -0.511494   -1.706683   -1.576818
H      4.225593   -0.735972   -1.051859
H      3.287066    0.249015   -2.193075
H      3.510332   -1.486114   -2.485265
H      1.056660   -2.919172    0.787436
H      2.802750   -2.633377    0.919047
H      2.155255   -3.538439   -0.459525

