%chk=opt.chk
%mem=2gb
%nproc=32
#p pbepbe 3-611+G(d) opt scf(xqc,tight)

opt calculation

0 1
C      6.498203    0.344334    2.723169
O      6.547038    0.479044    1.308573
C      5.434387    0.095916    0.610884
C      5.536282    0.244250   -0.772003
C      4.473464   -0.108319   -1.606313
C      3.283707   -0.618309   -1.068340
C      2.202578   -0.977049   -1.891857
C      1.015711   -1.488150   -1.347977
C     -0.150851   -1.845060   -2.241754
C     -1.182656   -0.715930   -2.322168
O     -1.947379   -0.686818   -1.116466
Si    -2.738007    0.723119   -0.672700
C     -1.536330    2.104831   -0.266535
C     -3.964640    1.284524   -1.973574
C     -3.811250    0.315503    1.060916
C     -4.555113    1.585795    1.515269
C     -2.823120   -0.141899    2.153791
C     -4.819826   -0.812411    0.761454
C      0.914557   -1.633626    0.038938
C      1.980283   -1.280321    0.868985
C      3.172571   -0.771520    0.331535
C      4.254010   -0.410854    1.157860
H      7.456234    0.688232    3.124874
H      5.712111    0.974039    3.152826
H      6.371454   -0.703166    3.016037
H      6.452390    0.638066   -1.205232
H      4.584846    0.019126   -2.680340
H      2.286775   -0.855073   -2.969980
H      0.224471   -2.066210   -3.248325
H     -0.616979   -2.765490   -1.868664
H     -1.869637   -0.920595   -3.152441
H     -0.681098    0.241512   -2.515142
H     -0.959805    2.386499   -1.152631
H     -2.066826    2.993359    0.087236
H     -0.832326    1.791783    0.509887
H     -4.505845    2.175529   -1.642823
H     -3.448458    1.529488   -2.906676
H     -4.694328    0.498167   -2.186642
H     -5.129253    1.392188    2.428553
H     -5.258680    1.936407    0.752301
H     -3.860811    2.405217    1.730837
H     -2.267359   -1.034813    1.845638
H     -2.092779    0.639855    2.390100
H     -3.355394   -0.386264    3.080115
H     -5.538512   -0.516047   -0.010612
H     -4.315374   -1.721938    0.415820
H     -5.390401   -1.071250    1.660674
H     -0.003403   -2.015528    0.482064
H      1.867829   -1.403892    1.943641
H      4.147544   -0.536252    2.230414

