%chk=opt.chk
%mem=2gb
%nproc=32
#p pbepbe 3-611+G(d) opt scf(xqc,tight)

opt calculation

0 1
C     -5.886041   -0.693342    0.127336
C     -4.948224   -0.070992   -0.910228
C     -5.337552    1.381247   -1.197546
C     -3.492576   -0.185377   -0.488001
C     -2.595846   -0.918501   -1.277848
C     -1.239063   -1.049981   -0.930481
C     -0.301553   -1.851356   -1.827187
C     -0.086294   -1.142472   -3.167348
C     -0.793318   -3.287080   -2.041308
C     -0.790936   -0.405774    0.245013
C      0.635944   -0.490220    0.611357
O      1.115972   -1.382524    1.288158
O      1.248123    0.608231    0.042607
C      2.614992    0.676874    0.316840
C      3.056026    1.624308    1.234097
C      4.423204    1.745761    1.482162
C      5.350796    0.933532    0.806137
C      6.729641    1.045190    1.046043
C      7.640676    0.235166    0.365855
C      7.185985   -0.696674   -0.562725
C      5.818751   -0.821642   -0.814173
C      4.888634   -0.015237   -0.138865
C      3.511974   -0.129807   -0.382320
C     -1.671207    0.325773    1.074727
C     -1.200824    1.014170    2.351803
C     -1.195484    2.535527    2.179690
C     -2.032111    0.606384    3.573528
C     -3.017177    0.427916    0.679867
H     -5.858803   -0.154748    1.080817
H     -6.920665   -0.679415   -0.232124
H     -5.613842   -1.736141    0.325119
H     -5.086466   -0.631378   -1.844446
H     -6.362017    1.436052   -1.581339
H     -5.285877    2.005510   -0.298897
H     -4.673794    1.822849   -1.949216
H     -2.963507   -1.391829   -2.187125
H      0.682565   -1.940484   -1.355474
H      0.295789   -0.126709   -3.015288
H     -1.014433   -1.067708   -3.744621
H      0.642581   -1.686219   -3.778064
H     -0.050278   -3.866043   -2.600862
H     -1.730936   -3.325176   -2.605646
H     -0.957178   -3.790717   -1.082085
H      2.346957    2.261007    1.753501
H      4.763427    2.481843    2.206864
H      7.105394    1.766275    1.768442
H      8.705162    0.331734    0.563135
H      7.894712   -1.329015   -1.091007
H      5.482838   -1.557885   -1.540983
H      3.136793   -0.846927   -1.106323
H     -0.172383    0.714869    2.580215
H     -0.795094    3.023487    3.074887
H     -0.570093    2.830834    1.329951
H     -2.202356    2.930756    2.006226
H     -2.053396   -0.483364    3.685556
H     -3.066823    0.958670    3.508769
H     -1.599821    1.028558    4.487459
H     -3.710969    1.002214    1.291297

