%chk=opt.chk
%mem=2gb
%nproc=32
#p pbepbe 3-611+G(d) opt scf(xqc,tight)

opt calculation

0 1
C      5.892015   -0.929665    1.694195
C      5.795904   -0.717455    0.177450
C      5.876346   -2.061208   -0.559446
C      6.965020    0.171731   -0.277626
C      4.468997   -0.026000   -0.159189
O      4.375281    1.069242   -0.700103
O      3.405972   -0.832108    0.244833
C      2.154214   -0.278783   -0.025269
C      1.497120   -0.635820   -1.198232
C      0.228289   -0.115045   -1.460079
C     -0.399098    0.731591   -0.536438
C      0.286768    1.076595    0.650386
C      1.562481    0.565957    0.908043
C     -0.363817    2.055965    1.590960
C     -1.826525    1.683348    1.822273
C     -2.614617    1.306671    0.536075
C     -1.755777    1.384440   -0.750157
C     -2.586613    0.948461   -1.963393
C     -3.173801   -0.449245   -1.828562
C     -3.966748   -0.673576   -0.541301
C     -4.238493   -2.182718   -0.386959
C     -5.322223    0.022095   -0.528328
O     -6.059418    0.128599   -1.500866
C     -5.672869    0.559362    0.838290
C     -4.511376    0.068765    1.699995
C     -3.319712   -0.072283    0.730048
H      5.775560    0.018118    2.232423
H      5.111102   -1.607226    2.057954
H      6.859640   -1.361014    1.973727
H      6.842802   -2.549067   -0.390308
H      5.749937   -1.925813   -1.639851
H      5.094643   -2.753235   -0.225813
H      6.927406    0.355230   -1.357790
H      7.931018   -0.293452   -0.051283
H      6.939368    1.147826    0.220861
H      1.971652   -1.299266   -1.914541
H     -0.245840   -0.377657   -2.400917
H      2.095509    0.832883    1.815259
H      0.157721    2.079269    2.555020
H     -0.288168    3.062509    1.161729
H     -2.330740    2.517971    2.325505
H     -1.851914    0.851174    2.538171
H     -3.397474    2.069239    0.416730
H     -1.526598    2.446706   -0.929014
H     -3.413037    1.660111   -2.093609
H     -1.994392    1.012976   -2.883816
H     -2.362352   -1.184135   -1.881600
H     -3.808340   -0.643075   -2.703023
H     -4.916973   -2.406925    0.442823
H     -3.306702   -2.733462   -0.217168
H     -4.708360   -2.587417   -1.291442
H     -6.627517    0.156365    1.183744
H     -5.709069    1.651265    0.795706
H     -4.320450    0.748722    2.535708
H     -4.757819   -0.905906    2.137822
H     -2.587929   -0.781629    1.138337

