%chk=opt.chk
%mem=2gb
%nproc=32
#p pbepbe 3-611+G(d) opt scf(xqc,tight)

opt calculation

0 1
O      0.350859    1.755750    0.864980
C     -0.117058    0.794475    0.267837
O      0.608022   -0.142114   -0.467733
C      1.991315    0.064612   -0.526353
C      2.523783    1.180739   -1.163920
C      3.909459    1.319427   -1.248756
C      4.764155    0.339200   -0.714859
C      6.160068    0.466365   -0.794115
C      6.997729   -0.516561   -0.264209
C      6.451598   -1.639141    0.351221
C      5.065983   -1.782051    0.439607
C      4.208824   -0.802268   -0.086816
C      2.814295   -0.931926   -0.004700
C     -1.604579    0.440536    0.224367
C     -2.421132    1.475182    1.039055
C     -3.919795    1.132733    1.004753
C     -4.405189    1.138915   -0.453837
C     -3.618887    0.103592   -1.274189
C     -3.828652   -1.292580   -0.662607
C     -3.343262   -1.310225    0.797327
C     -4.131194   -0.266466    1.605355
C     -1.845776   -0.958555    0.836838
C     -2.121180    0.454096   -1.232926
H      1.875356    1.943304   -1.584078
H      4.320300    2.200768   -1.736070
H      6.606560    1.336128   -1.270862
H      8.076632   -0.404024   -0.332216
H      7.103605   -2.404280    0.764426
H      4.658904   -2.665710    0.925869
H      2.366720   -1.803068    0.465144
H     -2.072420    1.500556    2.080019
H     -2.264274    2.485074    0.637347
H     -4.482039    1.872993    1.584785
H     -4.275481    2.137885   -0.887994
H     -5.477605    0.911604   -0.492726
H     -3.971043    0.109562   -2.311747
H     -3.283637   -2.043549   -1.247661
H     -4.890570   -1.564098   -0.706625
H     -3.500204   -2.305780    1.227230
H     -5.198867   -0.518104    1.602122
H     -3.804402   -0.278395    2.652410
H     -1.279527   -1.724143    0.291042
H     -1.479957   -0.987137    1.871563
H     -1.953117    1.440314   -1.685077
H     -1.564320   -0.263631   -1.848886

