%chk=opt.chk
%mem=2gb
%nproc=32
#p pbepbe 3-611+G(d) opt scf(xqc,tight)

opt calculation

0 1
C     -4.859323   -1.553840    0.485068
C     -4.873227   -0.369244   -0.467119
N     -4.525874    0.878078    0.210291
C     -5.590460    1.616402    0.880274
C     -6.274747    2.599152   -0.056986
C     -3.246248    1.424977    0.187764
O     -2.969766    2.508678    0.693573
O     -2.324040    0.603922   -0.461944
C     -1.040303    1.142911   -0.693492
C     -0.954062    2.262713   -1.536265
C      0.286305    2.803666   -1.850064
C      1.436000    2.208578   -1.346014
C      1.343268    1.060236   -0.542085
O      2.557892    0.547616   -0.062261
C      3.292897   -0.176902   -1.000168
O      2.874333   -0.504009   -2.106805
N      4.564823   -0.503110   -0.539773
C      5.066212   -0.090196    0.768213
C      5.718231    1.281921    0.710656
C      5.455889   -1.261850   -1.409138
C      5.312003   -2.758792   -1.186162
C      0.105339    0.498222   -0.173643
Si    -0.065030   -1.044354    0.944826
C     -0.870282   -2.426741   -0.051722
C     -1.144054   -0.619702    2.433320
C      1.557739   -1.699929    1.625588
H     -5.588086   -1.422894    1.291244
H     -3.875560   -1.679983    0.945589
H     -5.107161   -2.475021   -0.051078
H     -4.175312   -0.557692   -1.289102
H     -5.866407   -0.256910   -0.915814
H     -6.318241    0.904693    1.284357
H     -5.169956    2.165484    1.730398
H     -6.728160    2.082278   -0.908828
H     -7.063566    3.142482    0.472181
H     -5.561516    3.329919   -0.452081
H     -1.854412    2.717810   -1.939763
H      0.356329    3.680446   -2.486983
H      2.408735    2.627629   -1.588733
H      5.782585   -0.838600    1.124443
H      4.243953   -0.067452    1.489438
H      6.086022    1.570000    1.700165
H      6.564516    1.287149    0.016140
H      5.006970    2.043455    0.374510
H      5.229372   -1.031729   -2.456206
H      6.488038   -0.944052   -1.225298
H      4.287516   -3.089795   -1.386018
H      5.985795   -3.309054   -1.849907
H      5.553275   -3.028584   -0.152910
H     -1.029093   -3.307064    0.578077
H     -0.228276   -2.715157   -0.889425
H     -1.837412   -2.114608   -0.453751
H     -0.724829    0.231811    2.977404
H     -1.194688   -1.472194    3.117378
H     -2.163083   -0.369065    2.132515
H      1.367344   -2.538009    2.303558
H      2.085141   -0.928047    2.192328
H      2.206653   -2.065644    0.825892

