%chk=opt.chk
%mem=2gb
%nproc=32
#p pbepbe 3-611+G(d) opt scf(xqc,tight)

opt calculation

0 1
C      6.719836   -1.486511   -0.141119
O      5.388997   -1.605867    0.344991
C      4.445069   -0.800242   -0.230656
C      4.667145    0.123249   -1.249435
C      3.605956    0.886447   -1.748634
C      2.307766    0.737907   -1.237334
C      1.235660    1.496671   -1.727228
C     -0.050753    1.334126   -1.204898
C     -0.302627    0.409203   -0.179966
N     -1.632433    0.239959    0.357304
C     -2.470150    1.393830    0.585497
C     -3.842653    1.363817    0.280859
C     -4.652868    2.481032    0.500411
C     -4.104796    3.647082    1.029332
C     -2.747786    3.698028    1.338728
C     -1.937254    2.581237    1.118209
C     -2.124166   -1.082523    0.665722
C     -2.887187   -1.319722    1.822984
C     -3.361130   -2.599737    2.122782
C     -3.080950   -3.664727    1.270194
C     -2.327351   -3.451972    0.118494
C     -1.852840   -2.172123   -0.181051
C      0.777256   -0.348502    0.308194
C      2.077086   -0.196616   -0.206552
C      3.154086   -0.954028    0.283624
H      7.114982   -0.480169    0.032711
H      7.344233   -2.190135    0.417882
H      6.779085   -1.757864   -1.200331
H      5.650956    0.276912   -1.679425
H      3.803312    1.601853   -2.544129
H      1.389786    2.220380   -2.524281
H     -0.863811    1.925527   -1.619748
H     -4.287314    0.469254   -0.148984
H     -5.710620    2.438735    0.254431
H     -4.735149    4.515719    1.200814
H     -2.317515    4.604647    1.755944
H     -0.884137    2.636603    1.383979
H     -3.101939   -0.506338    2.512179
H     -3.944942   -2.762766    3.024835
H     -3.449096   -4.660352    1.503545
H     -2.109070   -4.279967   -0.550814
H     -1.280689   -2.026065   -1.094289
H      0.605644   -1.057204    1.116254
H      2.992370   -1.678788    1.079150

