%chk=opt.chk
%mem=2gb
%nproc=32
#p pbepbe 3-611+G(d) opt scf(xqc,tight)

opt calculation

0 1
C     -6.203910   -0.885931   -0.613034
C     -5.254596    0.211757   -0.106089
C     -5.655684    0.595541    1.324352
C     -5.356200    1.427409   -1.036763
C     -3.815480   -0.317810   -0.110115
O     -3.489081   -1.442534   -0.468637
O     -2.950102    0.674329    0.350116
C     -1.601697    0.307438    0.405233
C     -1.154810   -0.615058    1.345605
C      0.205856   -0.916434    1.408411
C      1.122847   -0.287728    0.547440
C      2.496931   -0.582251    0.601178
C      3.421437    0.042334   -0.254023
C      4.856055   -0.279030   -0.183110
C      5.563713   -0.692496   -1.327044
C      6.927166   -0.999712   -1.264679
C      7.605831   -0.896899   -0.053851
C      6.916058   -0.489409    1.080551
F      7.568248   -0.388313    2.246396
C      5.559242   -0.182727    1.027619
C      2.936778    0.980893   -1.175881
C      1.574477    1.288184   -1.244144
C      0.655935    0.661821   -0.390873
C     -0.713964    0.958962   -0.448521
H     -7.243577   -0.539889   -0.622572
H     -6.154346   -1.778316    0.021739
H     -5.945203   -1.195332   -1.632386
H     -6.702504    0.915881    1.370347
H     -5.042073    1.417569    1.709754
H     -5.530131   -0.251295    2.008862
H     -4.737832    2.260198   -0.683364
H     -6.388214    1.789020   -1.105660
H     -5.016402    1.177918   -2.048557
H     -1.852096   -1.104658    2.018287
H      0.548015   -1.648520    2.136685
H      2.853417   -1.322718    1.316019
H      5.047217   -0.790741   -2.280741
H      7.453435   -1.321116   -2.159820
H      8.663143   -1.131220    0.013945
H      5.062821    0.142089    1.937728
H      3.623401    1.493664   -1.846822
H      1.238499    2.023739   -1.971689
H     -1.092620    1.691390   -1.155729

