%chk=opt.chk
%mem=2gb
%nproc=32
#p pbepbe 3-611+G(d) opt scf(xqc,tight)

opt calculation

0 1
C      3.255760    1.940221   -1.113473
C      3.976701    0.891339   -0.283260
N      3.290101    0.634428    0.980249
C      3.671853    1.423119    2.144969
C      4.812122    0.776454    2.914781
C      2.302450   -0.336940    1.117824
O      1.757329   -0.589961    2.188494
O      2.016705   -0.970667   -0.086156
C      1.015201   -1.942208    0.002039
C      1.407588   -3.276621    0.020937
C      0.432861   -4.266959    0.092852
C     -0.924097   -3.922322    0.144627
C     -1.341668   -2.574895    0.109902
Si    -3.202603   -2.153750    0.223784
C     -3.512561   -1.159171    1.788768
C     -3.741997   -1.163737   -1.277211
C     -4.240493   -3.724075    0.300473
C     -0.341976   -1.588673    0.005786
O     -0.691121   -0.230785   -0.015080
C     -0.527030    0.397000   -1.247096
O     -0.175176   -0.169353   -2.277931
N     -0.824753    1.755454   -1.190663
C     -1.281841    2.416745    0.028522
C     -0.118337    2.923759    0.864161
C     -0.693367    2.556746   -2.400801
C     -1.988458    2.588168   -3.196499
H      2.243326    1.613673   -1.366179
H      3.796993    2.125432   -2.046226
H      3.174633    2.887225   -0.570328
H      5.000286    1.216907   -0.067428
H      4.053401   -0.038211   -0.857132
H      2.807408    1.532588    2.809521
H      3.953394    2.429005    1.814759
H      4.533441   -0.222343    3.266402
H      5.703095    0.672071    2.287296
H      5.076375    1.384642    3.785238
H      2.459204   -3.541904   -0.011654
H      0.725536   -5.313717    0.117095
H     -1.646154   -4.733891    0.215794
H     -4.575861   -0.920474    1.885600
H     -3.207501   -1.727570    2.672422
H     -2.952560   -0.220320    1.775117
H     -3.330994   -0.151492   -1.253490
H     -4.832665   -1.079396   -1.305033
H     -3.414253   -1.649322   -2.201091
H     -5.303582   -3.472693    0.362986
H     -3.979900   -4.320336    1.179888
H     -4.086989   -4.335167   -0.593858
H     -1.881012    1.720090    0.623029
H     -1.941033    3.247366   -0.246812
H      0.494992    3.632320    0.298267
H      0.528851    2.100259    1.178780
H     -0.486543    3.429652    1.761803
H      0.102800    2.141212   -3.028662
H     -0.387915    3.571366   -2.122622
H     -1.864656    3.191222   -4.101123
H     -2.291443    1.579322   -3.495649
H     -2.803871    3.019166   -2.606708

