%chk=opt.chk
%mem=2gb
%nproc=32
#p pbepbe 3-611+G(d) opt scf(xqc,tight)

opt calculation

0 1
C      6.177180   -0.219918    0.043316
C      4.692909   -0.310252   -0.161327
C      3.949593   -1.310731    0.474337
C      2.557606   -1.399829    0.308749
C      1.823964   -2.527749    0.979022
C      1.902305   -0.431820   -0.482595
C      0.428645   -0.462535   -0.667134
O     -0.117348   -0.515795   -1.756381
O     -0.154596   -0.327053    0.578921
C     -1.525950   -0.000514    0.515958
C     -2.490760   -1.031824    0.397823
C     -2.174464   -2.406606    0.324229
C     -3.168822   -3.378818    0.201620
C     -4.503515   -2.999066    0.151738
C     -4.842027   -1.648630    0.227644
C     -3.851400   -0.659464    0.353504
C     -4.205253    0.697659    0.440276
C     -3.242707    1.709543    0.591900
C     -3.627887    3.057030    0.699805
C     -2.678222    4.064370    0.869118
C     -1.329873    3.737791    0.936917
C     -0.932720    2.404167    0.827821
C     -1.875790    1.367365    0.644382
C      2.638689    0.588115   -1.124987
C      1.983255    1.611827   -2.013626
C      4.031171    0.633485   -0.953502
H      6.398564    0.440356    0.887554
H      6.671053    0.171034   -0.852703
H      6.606129   -1.207181    0.244688
H      4.466118   -2.040003    1.097267
H      2.518393   -3.279639    1.370001
H      1.177038   -3.040965    0.261411
H      1.230500   -2.156225    1.819478
H     -1.140111   -2.732598    0.355686
H     -2.897118   -4.429143    0.140257
H     -5.281924   -3.750784    0.052523
H     -5.893479   -1.371630    0.188007
H     -5.258516    0.972392    0.400675
H     -4.679475    3.332983    0.655630
H     -2.993840    5.101007    0.951919
H     -0.585350    4.517239    1.075342
H      0.128552    2.175942    0.892883
H      1.113749    2.058460   -1.522736
H      2.669701    2.432505   -2.249052
H      1.676363    1.150783   -2.957523
H      4.609669    1.414720   -1.445102

