%chk=opt.chk
%mem=2gb
%nproc=32
#p pbepbe 3-611+G(d) opt scf(xqc,tight)

opt calculation

0 1
C      6.901896    0.139060    0.078800
O      6.086575    1.103676    0.731680
C      4.732032    0.946743    0.622997
C      3.979939    1.919326    1.281139
C      2.584498    1.880679    1.252229
C      1.913964    0.862875    0.560082
C      0.509664    0.807978    0.519992
C     -0.168667   -0.211398   -0.171705
N     -1.611724   -0.253164   -0.205998
C     -2.366012    0.967804   -0.367570
C     -3.550416    1.188585    0.357756
C     -4.279070    2.371007    0.203297
C     -3.836475    3.352842   -0.679744
C     -2.666282    3.154458   -1.408378
C     -1.937153    1.972406   -1.253441
C     -2.299916   -1.516345   -0.079298
C     -3.428191   -1.808348   -0.866199
C     -4.093191   -3.031366   -0.744451
C     -3.642061   -3.982984    0.166972
C     -2.526797   -3.713903    0.956626
C     -1.861054   -2.491355    0.834208
C      0.597470   -1.186335   -0.828230
C      1.994656   -1.144842   -0.797615
C      2.668064   -0.126365   -0.107732
C      4.074436   -0.072316   -0.068756
H      6.737293   -0.861598    0.491891
H      6.739339    0.152545   -1.003997
H      7.947199    0.406334    0.261428
H      4.484559    2.715984    1.822332
H      2.026278    2.653957    1.775137
H     -0.067497    1.562210    1.051536
H     -3.904483    0.443183    1.066095
H     -5.189567    2.524043    0.776651
H     -4.403241    4.272421   -0.799962
H     -2.319702    3.916799   -2.101162
H     -1.035787    1.831500   -1.845381
H     -3.786807   -1.086417   -1.596232
H     -4.960984   -3.239248   -1.364840
H     -4.159814   -4.933867    0.262188
H     -2.174723   -4.452244    1.672224
H     -1.003544   -2.294799    1.473553
H      0.108550   -1.980410   -1.388070
H      2.551248   -1.917223   -1.323612
H      4.635500   -0.841890   -0.588908

