%chk=opt.chk
%mem=2gb
%nproc=32
#p pbepbe 3-611+G(d) opt scf(xqc,tight)

opt calculation

0 1
C     -5.019385    2.686236    0.908547
C     -5.249109    1.194530    1.090620
N     -4.568246    0.414893    0.063614
C     -5.286706    0.129770   -1.175624
C     -6.039246   -1.188815   -1.098680
C     -3.273504   -0.032467    0.303853
O     -2.649680    0.227049    1.328224
O     -2.777983   -0.806660   -0.745326
C     -1.472075   -1.314425   -0.642841
C     -1.305597   -2.674454   -0.885987
C     -0.024171   -3.217310   -0.851675
C      1.080590   -2.398937   -0.587757
C      0.913802   -1.029421   -0.360451
N      1.973899   -0.147986   -0.089482
C      3.309989   -0.418879   -0.007244
O      3.866299   -1.492204   -0.169138
O      3.944825    0.744198    0.291187
C      5.386807    0.788021    0.451028
C      5.845093   -0.081852    1.626831
C      5.696143    2.256925    0.779566
C      6.104479    0.417892   -0.851710
C     -0.375314   -0.485602   -0.400166
H     -5.394254    3.027922   -0.061624
H     -3.952854    2.929177    0.957953
H     -5.535675    3.249096    1.692156
H     -4.883551    0.893723    2.078879
H     -6.319686    0.964232    1.058960
H     -5.981039    0.952452   -1.379056
H     -4.578528    0.096900   -2.010420
H     -6.569354   -1.379362   -2.036805
H     -5.356091   -2.024557   -0.915662
H     -6.773889   -1.175712   -0.287031
H     -2.162840   -3.306291   -1.097024
H      0.123251   -4.279431   -1.030457
H      2.061740   -2.863973   -0.566181
H      1.750179    0.821288    0.086726
H      5.258061    0.138714    2.525465
H      6.904218    0.081252    1.853799
H      5.715988   -1.148799    1.421964
H      6.768427    2.424526    0.925622
H      5.169592    2.572263    1.687994
H      5.348790    2.917357   -0.023621
H      5.980387   -0.639997   -1.101650
H      5.699494    0.989351   -1.694454
H      7.180131    0.613181   -0.783146
H     -0.533408    0.576187   -0.237455

