%chk=opt.chk
%mem=2gb
%nproc=32
#p pbepbe 3-611+G(d) opt scf(xqc,tight)

opt calculation

0 1
C      3.330666    2.841894    2.022402
C      3.139705    1.782246    0.946713
C      1.936800    0.881639    1.259545
N      1.675679   -0.092349    0.186908
C      2.722584   -1.126236    0.097743
C      3.511400   -1.005337   -1.211876
C      2.663658   -1.239112   -2.454424
C      0.316204   -0.687826    0.219995
C     -0.103182   -1.253854    1.584012
C     -1.402345   -2.042980    1.442361
C     -2.476042   -1.306461    0.681047
C     -3.798037   -1.761279    0.780216
C     -4.818455   -1.128049    0.077106
C     -4.532026   -0.032998   -0.737260
C     -3.219782    0.432391   -0.860454
O     -2.846313    1.507964   -1.625245
C     -3.862865    2.179098   -2.356919
C     -2.177858   -0.216045   -0.162534
C     -0.757155    0.307843   -0.278211
H      3.506438    2.380830    2.999556
H      4.192825    3.472551    1.783834
H      2.449650    3.487026    2.099404
H      2.992736    2.277975   -0.020381
H      4.060438    1.193327    0.875495
H      2.092075    0.373761    2.220153
H      1.072343    1.540585    1.392550
H      2.305006   -2.139711    0.159839
H      3.424912   -1.062488    0.938595
H      4.321567   -1.744372   -1.197859
H      3.987936   -0.020790   -1.281110
H      1.895221   -0.468205   -2.566819
H      2.171154   -2.215863   -2.414940
H      3.293837   -1.213873   -3.349189
H      0.301704   -1.514614   -0.506241
H     -0.251225   -0.441487    2.307161
H      0.669327   -1.914342    1.994609
H     -1.199107   -2.985107    0.917623
H     -1.766486   -2.297097    2.445266
H     -4.038332   -2.614814    1.410610
H     -5.840798   -1.486318    0.164834
H     -5.357608    0.435833   -1.261335
H     -4.607261    2.619658   -1.685606
H     -3.391140    2.996377   -2.911011
H     -4.331776    1.510756   -3.086568
H     -0.537056    0.544399   -1.327270
H     -0.719015    1.245455    0.287674

