%chk=opt.chk
%mem=2gb
%nproc=32
#p pbepbe 3-611+G(d) opt scf(xqc,tight)

opt calculation

0 1
C     -5.460259   -1.802227   -0.056152
C     -5.304362   -0.755737    1.036214
N     -4.845383    0.537220    0.531448
C     -5.834930    1.556992    0.198846
C     -6.303994    1.483113   -1.245259
C     -3.509196    0.781413    0.218522
O     -3.117507    1.831783   -0.281808
O     -2.687087   -0.296134    0.537376
C     -1.339969   -0.115070    0.211571
C     -0.440005    0.164692    1.240502
C      0.914427    0.296719    0.940915
C      1.340184    0.118045   -0.376830
O      2.687338    0.299085   -0.702392
C      3.508547   -0.779996   -0.386448
O      3.116047   -1.831254    0.111379
N      4.844873   -0.536234   -0.699119
C      5.304893    0.757560   -1.200785
C      5.462034    1.801179   -0.105852
C      5.833581   -1.557735   -0.369338
C      6.303104   -1.487895    1.074818
C      0.440235   -0.161728   -1.405768
C     -0.914195   -0.293762   -1.106176
H     -4.527817   -1.947265   -0.610446
H     -5.748640   -2.763053    0.381691
H     -6.233589   -1.517124   -0.774086
H     -6.252555   -0.616175    1.566608
H     -4.581416   -1.117855    1.775951
H     -6.684922    1.468714    0.884008
H     -5.390103    2.543934    0.372566
H     -6.983647    2.312801   -1.463750
H     -6.841623    0.551832   -1.441782
H     -5.461601    1.538927   -1.942019
H     -0.789986    0.282637    2.260983
H      1.629037    0.526445    1.724773
H      6.252817    0.618461   -1.731781
H      4.582078    1.122180   -1.939420
H      6.235293    1.513579    0.611163
H      4.529872    1.945683    0.449051
H      5.751177    2.762831   -0.541372
H      6.683467   -1.468517   -1.054510
H      5.387809   -2.543833   -0.545406
H      6.841634   -0.557599    1.273522
H      6.982061   -2.318746    1.291045
H      5.460850   -1.544687    1.771666
H      0.790216   -0.279698   -2.426245
H     -1.628787   -0.523502   -1.890049

