%chk=opt.chk
%mem=2gb
%nproc=32
#p pbepbe 3-611+G(d) opt scf(xqc,tight)

opt calculation

0 1
C     -3.437488    3.721236   -2.210189
O     -3.119542    2.573721   -1.423040
C     -1.837928    2.126431   -1.582098
O     -0.997538    2.702693   -2.268781
C     -1.538064    0.894038   -0.705732
C     -0.605464   -0.096563   -1.437165
C      0.836212    0.014054   -0.986092
C      1.727501    0.869604   -1.649218
C      3.059387    0.951740   -1.243505
C      3.497473    0.167102   -0.179734
O      4.830727    0.281944    0.219317
C      5.618475   -0.823590   -0.102370
O      5.226537   -1.856520   -0.638100
C      7.065114   -0.575481    0.345646
C      7.577801    0.755838   -0.224526
C      7.115053   -0.555212    1.878442
C      7.961054   -1.711995   -0.174158
C      2.621289   -0.660527    0.516961
C      1.290077   -0.737040    0.109491
N     -2.779036    0.247087   -0.180750
C     -3.621235   -0.393709   -1.088325
O     -3.270797   -0.476734   -2.275516
C     -5.032545   -0.913748   -0.668637
C     -4.994230   -2.170184    0.211515
C     -5.849976    0.201494    0.004587
C     -5.786279   -1.302759   -1.967541
C     -2.777443    0.047320    1.216129
C     -2.401591   -1.182262    1.760802
C     -2.313373   -1.333735    3.145163
C     -2.573833   -0.250805    3.983418
C     -2.913513    0.985642    3.441040
C     -2.999761    1.139649    2.057944
H     -2.817575    4.573404   -1.914530
H     -4.486758    3.976302   -2.030033
H     -3.313388    3.503997   -3.276556
H     -1.009178    1.321467    0.158967
H     -0.646402    0.045265   -2.523190
H     -0.918738   -1.131799   -1.268181
H      1.391206    1.472223   -2.491590
H      3.745977    1.612740   -1.759755
H      8.621014    0.933047    0.052812
H      7.505031    0.770435   -1.317367
H      6.994851    1.605297    0.144538
H      6.501893    0.256778    2.292760
H      6.738894   -1.498713    2.300095
H      8.143947   -0.412824    2.236250
H      7.639619   -2.682705    0.217144
H      9.004773   -1.565103    0.122811
H      7.929835   -1.776186   -1.267113
H      2.970770   -1.256576    1.355508
H      0.611673   -1.398746    0.640343
H     -4.200613   -2.857411   -0.115219
H     -5.945254   -2.723005    0.171655
H     -4.839639   -1.928761    1.267274
H     -6.915066   -0.053114    0.036924
H     -5.538287    0.371955    1.036067
H     -5.748179    1.152131   -0.531777
H     -6.807186   -1.640624   -1.756072
H     -5.270553   -2.114146   -2.496281
H     -5.858724   -0.449686   -2.655618
H     -2.159978   -2.023876    1.116720
H     -2.031483   -2.291765    3.570828
H     -2.507722   -0.371418    5.064053
H     -3.105122    1.832416    4.091601
H     -3.256703    2.110270    1.641953

