%chk=opt.chk
%mem=2gb
%nproc=32
#p pbepbe 3-611+G(d) opt scf(xqc,tight)

opt calculation

0 1
C      7.881255   -1.884170   -1.589959
C      7.375795   -0.450466   -1.585948
N      6.530596   -0.179746   -0.429369
C      7.167832    0.294248    0.796015
C      7.208445    1.812511    0.856993
C      5.157546   -0.381721   -0.535207
O      4.618878   -0.811395   -1.550918
O      4.483801   -0.035414    0.632669
C      3.100012   -0.221882    0.581051
C      2.563257   -1.487952    0.798415
C      1.178800   -1.649457    0.791198
C      0.337888   -0.544112    0.590659
C      0.894903    0.732403    0.394991
C      2.284531    0.890783    0.388349
C     -0.018435    1.891730    0.118750
C     -1.285085    1.862274    0.974037
C     -1.860823    0.460221    1.300055
C     -1.167744   -0.709712    0.564205
C     -1.679062   -0.910309   -0.867804
C     -3.196542   -1.076698   -0.899816
C     -3.954700    0.106207   -0.246844
C     -3.896205    1.324172   -1.186487
C     -3.400637    0.427468    1.165009
C     -4.046843   -0.643860    2.070419
C     -5.316784   -1.119709    1.360547
C     -5.425185   -0.273976    0.087519
O     -6.061419   -1.022876   -0.951070
C     -7.145018   -0.207274   -1.393575
C     -7.484758    0.624839   -0.188486
O     -6.208930    0.895147    0.388838
H      8.509176   -2.063488   -2.467835
H      8.475596   -2.095696   -0.695272
H      7.048966   -2.595218   -1.612841
H      6.806217   -0.268519   -2.504268
H      8.216138    0.252473   -1.583393
H      6.624112   -0.090905    1.665286
H      8.182507   -0.115520    0.847815
H      7.769938    2.224791    0.012369
H      7.689990    2.143051    1.782206
H      6.200011    2.237520    0.825416
H      3.212984   -2.342359    0.958192
H      0.758834   -2.641279    0.939639
H      2.731740    1.866866    0.226485
H     -0.285311    1.875380   -0.944548
H      0.501407    2.841587    0.293833
H     -1.051318    2.343159    1.935104
H     -2.033257    2.518143    0.516232
H     -1.639238    0.318207    2.370107
H     -1.405373   -1.624688    1.124766
H     -1.218263   -1.807897   -1.300723
H     -1.379293   -0.083470   -1.519776
H     -3.441354   -2.020187   -0.397015
H     -3.519996   -1.201593   -1.941000
H     -4.357933    2.208809   -0.735170
H     -4.421176    1.118356   -2.125453
H     -2.870401    1.597276   -1.447018
H     -3.799783    1.395903    1.500431
H     -4.281551   -0.219632    3.053291
H     -3.385449   -1.498901    2.245299
H     -5.237947   -2.187779    1.126575
H     -6.188747   -0.998272    2.012772
H     -6.787592    0.412818   -2.222089
H     -7.976460   -0.824801   -1.742292
H     -8.003702    1.554282   -0.434749
H     -8.078841    0.060309    0.538256

