%chk=opt.chk
%mem=2gb
%nproc=32
#p pbepbe 3-611+G(d) opt scf(xqc,tight)

opt calculation

0 1
C     -6.062789    2.078178    0.390585
C     -6.024034    0.875065   -0.538003
N     -5.060779   -0.122758   -0.088209
C     -5.516194   -1.151822    0.842397
C     -5.994409   -2.396564    0.112667
C     -3.751272   -0.052543   -0.553544
O     -3.353308    0.827134   -1.310701
O     -2.964076   -1.092150   -0.066487
C     -1.622754   -1.062229   -0.484020
C     -1.324333   -1.501587   -1.775473
C     -0.000266   -1.531479   -2.192636
C      1.013247   -1.139835   -1.314962
C      0.726064   -0.712259    0.001683
C      1.727500   -0.319710    0.916011
O      3.077677   -0.398593    0.534994
C      3.680612    0.826039    0.262172
O      3.122481    1.914452    0.358818
N      5.007549    0.682157   -0.131288
C      5.652639   -0.619471   -0.279703
C      6.270602   -1.091805    1.026284
C      5.792358    1.877166   -0.417390
C      5.701038    2.272697   -1.882474
C      1.433473    0.065652    2.225586
C      0.109062    0.099755    2.641335
C     -0.906574   -0.265793    1.754903
C     -0.620709   -0.677168    0.432822
H     -6.788698    2.813500    0.030359
H     -6.348460    1.784394    1.405763
H     -5.082816    2.563310    0.447557
H     -5.758168    1.209577   -1.547051
H     -7.012992    0.408254   -0.603229
H     -6.322475   -0.739585    1.459036
H     -4.700119   -1.418672    1.522356
H     -6.828965   -2.163731   -0.556648
H     -5.193518   -2.832457   -0.493330
H     -6.331062   -3.151821    0.829353
H     -2.117983   -1.805424   -2.451000
H      0.247189   -1.855341   -3.199878
H      2.042254   -1.168756   -1.667171
H      6.419518   -0.547624   -1.058810
H      4.918212   -1.355903   -0.622950
H      5.513006   -1.187873    1.810807
H      7.028754   -0.385836    1.380533
H      6.748086   -2.066952    0.890327
H      6.834309    1.692751   -0.133602
H      5.431744    2.706844    0.200959
H      4.664900    2.477793   -2.171092
H      6.075594    1.474272   -2.531109
H      6.293856    3.172911   -2.071117
H      2.228944    0.347094    2.908630
H     -0.137526    0.412970    3.652151
H     -1.936387   -0.226971    2.103789

