%chk=opt.chk
%mem=2gb
%nproc=32
#p pbepbe 3-611+G(d) opt scf(xqc,tight)

opt calculation

0 1
C      8.359709   -1.241633   -0.575321
O      7.454365   -0.948044    0.481126
C      6.134057   -0.819694    0.146816
C      5.596052   -0.948900   -1.131399
C      4.220289   -0.791665   -1.333231
C      3.361276   -0.502789   -0.261610
C      1.976721   -0.341910   -0.450210
C      1.114791   -0.055432    0.622181
C     -0.331098    0.109748    0.406769
C     -0.820126    1.069137   -0.494234
C     -2.197239    1.239482   -0.711418
C     -2.682727    2.200116   -1.609372
C     -4.055714    2.357690   -1.815226
C     -4.979170    1.558685   -1.128067
C     -6.360610    1.703642   -1.323370
C     -7.264301    0.899119   -0.630074
C     -6.799488   -0.061126    0.267953
C     -5.424022   -0.229928    0.485039
C     -4.937820   -1.189165    1.383279
C     -3.564408   -1.344103    1.588304
C     -2.641360   -0.544011    0.900808
C     -1.258007   -0.688010    1.096426
C     -3.113983    0.426754   -0.009269
C     -4.506812    0.585275   -0.217618
C      1.671847    0.068513    1.902317
C      3.046078   -0.086746    2.106970
C      3.902224   -0.372706    1.034116
C      5.285412   -0.532855    1.220132
H      8.127573   -2.206822   -1.037494
H      9.363573   -1.311589   -0.145432
H      8.371644   -0.438597   -1.319678
H      6.214667   -1.171448   -1.994080
H      3.822986   -0.897784   -2.340523
H      1.558216   -0.452987   -1.449520
H     -0.112861    1.702984   -1.027389
H     -1.993705    2.837780   -2.159007
H     -4.397721    3.112966   -2.519332
H     -6.743611    2.446769   -2.019167
H     -8.332531    1.020735   -0.789792
H     -7.520772   -0.678447    0.798738
H     -5.625974   -1.826923    1.933633
H     -3.221425   -2.098837    2.292743
H     -0.892434   -1.443601    1.790462
H      1.036549    0.300605    2.755015
H      3.443054    0.020471    3.114087
H      5.716832   -0.434717    2.214126

