%chk=opt.chk
%mem=2gb
%nproc=32
#p pbepbe 3-611+G(d) opt scf(xqc,tight)

opt calculation

0 1
C     -3.946952    2.529974    1.305578
C     -2.936083    2.026880    0.273894
C     -2.990010    2.876480   -1.002138
Si    -3.062006    0.083996   -0.114665
C     -1.349601   -0.334108   -0.939673
C     -1.249745   -0.691176   -2.290388
C     -0.003275   -0.969786   -2.859292
C      1.172131   -0.893600   -2.098607
C      2.428325   -1.176012   -2.664561
C      3.590253   -1.094806   -1.897559
C      3.493280   -0.715524   -0.563543
O      4.644791   -0.682439    0.224221
C      5.307464    0.542995    0.191113
O      4.962209    1.528403   -0.449248
C      6.553392    0.478500    1.083079
C      6.138469    0.155639    2.524695
C      7.510250   -0.594197    0.546653
C      7.266807    1.840022    1.063033
C      2.261109   -0.445267    0.028599
C      1.087378   -0.525247   -0.735700
C     -0.170792   -0.247314   -0.173863
C     -4.518984   -0.305037   -1.344706
C     -5.863461    0.329155   -0.969577
C     -4.719520   -1.806808   -1.593657
C     -3.197399   -0.920714    1.565358
C     -2.676224   -2.361788    1.458705
C     -4.605129   -0.941386    2.171740
H     -3.817263    3.604085    1.478886
H     -3.805703    2.031416    2.269869
H     -4.980377    2.366754    0.988174
H     -1.937222    2.146799    0.712674
H     -2.222446    2.569261   -1.720776
H     -3.962193    2.802632   -1.499785
H     -2.815440    3.932330   -0.767605
H     -2.127619   -0.755733   -2.927995
H      0.041356   -1.245412   -3.910732
H      2.507274   -1.462103   -3.710859
H      4.554993   -1.319369   -2.340893
H      5.677880   -0.835751    2.600922
H      7.002275    0.170227    3.198702
H      5.406801    0.882562    2.895755
H      7.063432   -1.593742    0.592166
H      7.768971   -0.402311   -0.501056
H      8.440146   -0.621647    1.125528
H      8.164036    1.828734    1.692061
H      7.574605    2.112549    0.046804
H      6.610539    2.637513    1.430546
H      2.220233   -0.170509    1.078417
H     -0.225296    0.041038    0.875181
H     -4.211467    0.149409   -2.294825
H     -6.624419    0.087959   -1.720565
H     -5.795424    1.419580   -0.926892
H     -6.231578   -0.023533   -0.002080
H     -3.787778   -2.303910   -1.881552
H     -5.108369   -2.314677   -0.705124
H     -5.439471   -1.966920   -2.404192
H     -2.540583   -0.380152    2.258762
H     -2.733579   -2.863334    2.431349
H     -3.257997   -2.953508    0.744750
H     -1.629081   -2.394449    1.143422
H     -5.294563   -1.541843    1.569518
H     -5.030531    0.061050    2.266965
H     -4.580815   -1.381830    3.174987

