%chk=opt.chk
%mem=2gb
%nproc=32
#p pbepbe 3-611+G(d) opt scf(xqc,tight)

opt calculation

0 1
C     -1.687360   -1.452298    2.171949
C     -2.789878   -0.849023    1.316029
N     -2.315333    0.306971    0.565600
C     -2.428205    1.625777    1.181336
C     -3.728495    2.313537    0.799014
C     -1.751910    0.106613   -0.690944
O     -1.618680   -1.003517   -1.196055
O     -1.369337    1.300804   -1.293115
C     -0.644107    1.144045   -2.478535
C     -1.258848    1.498472   -3.677262
C     -0.528630    1.425827   -4.864371
C      0.810873    1.023545   -4.843284
C      1.429253    0.688928   -3.635805
C      0.692166    0.736229   -2.454158
O      1.272953    0.472766   -1.203889
C      1.924270   -0.745441   -1.018491
O      2.141918   -1.564026   -1.906129
N      2.326045   -0.927609    0.301927
C      3.049289   -2.141889    0.657299
C      2.106986   -3.259569    1.075230
C      1.997274    0.017872    1.364302
C      3.057031    1.098583    1.500423
H     -1.302038   -0.722772    2.891588
H     -0.847450   -1.784994    1.553559
H     -2.065873   -2.315403    2.727836
H     -3.637594   -0.544140    1.939352
H     -3.158538   -1.608971    0.617874
H     -1.581478    2.248558    0.873569
H     -2.362152    1.514718    2.269319
H     -4.593829    1.723587    1.118186
H     -3.791824    3.297877    1.272762
H     -3.800136    2.449845   -0.284947
H     -2.293680    1.825518   -3.689158
H     -1.000278    1.687189   -5.808336
H      1.376083    0.971669   -5.770692
H      2.472719    0.388181   -3.628211
H      3.642531   -2.476191   -0.201239
H      3.752636   -1.910047    1.464633
H      1.521115   -2.974038    1.954734
H      2.673875   -4.162495    1.321724
H      1.404280   -3.504066    0.271895
H      1.891478   -0.530111    2.307040
H      1.027238    0.482206    1.157113
H      3.160877    1.670344    0.572573
H      4.034062    0.663447    1.734472
H      2.790698    1.793491    2.302641

