%chk=opt.chk
%mem=2gb
%nproc=32
#p pbepbe 3-611+G(d) opt scf(xqc,tight)

opt calculation

0 1
C      6.747572   -0.139671    1.065082
C      6.073603   -1.285213    0.298832
C      5.828691   -2.481959    1.227737
C      6.993144   -1.727708   -0.850870
C      4.738932   -0.796316   -0.276510
O      4.477378   -0.735979   -1.471413
O      3.885419   -0.432387    0.764755
C      2.625862    0.034326    0.374266
C      1.516078   -0.710353    0.749161
C      0.243173   -0.243194    0.420951
C      0.060272    0.975960   -0.271033
C     -1.218644    1.475101   -0.621777
O     -2.303361    0.713927   -0.260454
Si    -3.949087    0.808763   -0.500551
C     -4.720552    2.284916    0.361483
C     -4.416483    0.791141   -2.316831
C     -4.791705   -0.901869    0.356904
C     -4.179918   -2.140583   -0.328791
C     -4.451248   -0.910631    1.861144
C     -6.318175   -0.877519    0.154369
C     -1.342588    2.689639   -1.302246
C     -0.206552    3.419499   -1.644747
C      1.059057    2.942101   -1.309589
C      1.209784    1.727234   -0.625589
C      2.487234    1.251376   -0.290243
H      6.878872    0.739428    0.423782
H      7.734096   -0.437738    1.437010
H      6.150385    0.175220    1.928108
H      5.288335   -3.280676    0.706535
H      6.773061   -2.897008    1.597133
H      5.228742   -2.200598    2.100644
H      7.958765   -2.083124   -0.473915
H      7.188864   -0.901413   -1.544248
H      6.540405   -2.540736   -1.430573
H      1.631878   -1.645380    1.287850
H     -0.620600   -0.838330    0.710643
H     -4.342561    3.220575   -0.060241
H     -4.488352    2.276641    1.430288
H     -5.808292    2.280118    0.245492
H     -4.044727    1.687697   -2.821288
H     -5.502822    0.761769   -2.440707
H     -3.989184   -0.081362   -2.819809
H     -3.090182   -2.165866   -0.215651
H     -4.404588   -2.159270   -1.401107
H     -4.580193   -3.062414    0.108317
H     -3.368298   -0.901114    2.029219
H     -4.876077   -0.041400    2.375019
H     -4.854268   -1.808090    2.343969
H     -6.781016   -1.765407    0.599734
H     -6.773706    0.001138    0.623548
H     -6.584760   -0.865740   -0.907705
H     -2.311201    3.091358   -1.577789
H     -0.306462    4.362546   -2.176105
H      1.932103    3.527300   -1.591161
H      3.373897    1.821273   -0.553747

