%chk=opt.chk
%mem=2gb
%nproc=32
#p pbepbe 3-611+G(d) opt scf(xqc,tight)

opt calculation

0 1
C      7.559418   -0.539463    1.981775
O      6.145038   -0.551986    2.127223
C      5.405005   -0.316487    1.000981
C      5.908908   -0.069427   -0.273780
C      5.034414    0.156685   -1.342360
C      3.644114    0.138936   -1.152672
C      2.755738    0.364768   -2.213280
C      1.373484    0.343040   -2.003446
C      0.839053    0.094394   -0.731441
C     -0.615881    0.069209   -0.511965
C     -1.240595   -1.032779    0.083528
C     -2.625591   -1.054797    0.290659
C     -3.444823    0.024547   -0.087348
C     -4.962586   -0.033636    0.156471
C     -5.719470    1.229419   -0.312941
C     -5.564734   -1.235243   -0.603476
C     -5.240080   -0.197019    1.666533
C     -2.812599    1.126085   -0.682821
C     -1.426115    1.146814   -0.891226
C      1.734944   -0.131114    0.327869
C      3.128482   -0.111951    0.135444
C      4.020817   -0.336004    1.197411
H      7.998191   -0.740653    2.963838
H      7.893201   -1.328780    1.300128
H      7.914008    0.443294    1.653842
H      6.974529   -0.044828   -0.474262
H      5.450512    0.348023   -2.329137
H      3.131211    0.557305   -3.215672
H      0.711024    0.510571   -2.850487
H     -0.652495   -1.897756    0.384114
H     -3.055689   -1.939729    0.754904
H     -6.795108    1.140531   -0.118512
H     -5.599809    1.394616   -1.390052
H     -5.370876    2.126893    0.211270
H     -5.161711   -2.191681   -0.252843
H     -6.652535   -1.279633   -0.474506
H     -5.358764   -1.165598   -1.678196
H     -4.798222    0.626421    2.240121
H     -6.316968   -0.206336    1.871818
H     -4.830437   -1.131845    2.064583
H     -3.374697    2.000228   -0.999388
H     -0.980238    2.029333   -1.346345
H      1.338798   -0.313850    1.325864
H      3.639133   -0.529697    2.197777

