%chk=opt.chk
%mem=2gb
%nproc=32
#p pbepbe 3-611+G(d) opt scf(xqc,tight)

opt calculation

0 1
C     -1.977542   -5.499271   -3.073959
O     -1.589745   -4.517818   -2.122495
C     -0.423868   -3.826703   -2.348689
C      0.401134   -4.035357   -3.454870
C      1.564246   -3.284163   -3.621311
C      1.935883   -2.309768   -2.689046
C      3.115254   -1.565379   -2.882393
C      3.508198   -0.587356   -1.970329
C      2.709596   -0.346988   -0.863683
O      3.056268    0.592528    0.114827
C      3.144606    1.920678   -0.297762
O      3.034272    2.322400   -1.450184
C      3.356588    2.827123    0.919947
C      3.780909    4.225040    0.443790
C      2.029911    2.928945    1.681222
C      4.453892    2.267803    1.834877
C      1.552715   -1.091414   -0.637021
C      1.119802   -2.080384   -1.552388
C     -0.079392   -2.846871   -1.384339
C     -0.963773   -2.611292   -0.219989
C     -1.049899   -3.546721    0.825550
C     -1.849068   -3.303471    1.947676
C     -2.560123   -2.109932    2.051589
C     -2.464256   -1.175125    1.026572
O     -3.183178    0.016237    1.140383
C     -2.381053    1.125206    1.415322
O     -1.165013    1.111249    1.583067
C     -3.249639    2.387023    1.483892
C     -2.361637    3.599970    1.803657
C     -3.931600    2.612484    0.128002
C     -4.297431    2.230037    2.593698
C     -1.708307   -1.426148   -0.118144
H     -2.919765   -5.940406   -2.733595
H     -2.157464   -5.048612   -4.055874
H     -1.237644   -6.304382   -3.135052
H      0.167347   -4.773448   -4.213838
H      2.182909   -3.470136   -4.497602
H      3.740333   -1.740038   -3.756041
H      4.418286   -0.020100   -2.136333
H      3.935751    4.903784    1.289851
H      3.022332    4.673701   -0.207691
H      4.715190    4.181457   -0.126259
H      2.115153    3.603235    2.540538
H      1.707654    1.950815    2.055703
H      1.230306    3.305708    1.033108
H      4.164241    1.308184    2.275297
H      5.385109    2.104404    1.280139
H      4.669474    2.953471    2.662142
H      0.985700   -0.880629    0.267563
H     -0.486227   -4.475177    0.765648
H     -1.907335   -4.043869    2.741319
H     -3.172226   -1.912329    2.925702
H     -2.951021    4.520703    1.861065
H     -1.594753    3.740702    1.035246
H     -1.845973    3.474083    2.762764
H     -4.627934    1.801166   -0.113589
H     -3.193886    2.658411   -0.680957
H     -4.500339    3.549773    0.120624
H     -5.004501    1.422264    2.372371
H     -3.823336    1.991589    3.552649
H     -4.878240    3.150047    2.721301
H     -1.666892   -0.686934   -0.913668

