%chk=opt.chk
%mem=2gb
%nproc=32
#p pbepbe 3-611+G(d) opt scf(xqc,tight)

opt calculation

0 1
C      6.186478    2.196219   -1.054777
O      5.342109    2.446427    0.061318
C      4.249214    1.636317    0.205938
C      3.453261    1.926827    1.313535
C      2.305729    1.177905    1.581507
C      1.933234    0.119586    0.741597
C      0.781501   -0.645179    0.995646
C      0.397463   -1.699244    0.151019
C     -0.817963   -2.491180    0.423186
C     -0.670557   -3.854784    0.752728
C     -1.774674   -4.659811    1.033768
C     -3.052565   -4.118150    0.991001
C     -3.224432   -2.772218    0.667434
C     -2.124400   -1.937907    0.378876
C     -2.385709   -0.527158    0.033005
C     -2.923452    0.354709    0.985250
C     -3.184986    1.694797    0.669994
C     -3.726711    2.627092    1.712487
C     -2.877761    2.165884   -0.611604
C     -2.332292    1.311590   -1.576718
C     -2.036415    1.813667   -2.958603
C     -2.109584   -0.033017   -1.251466
C      1.204623   -1.986650   -0.958326
C      2.355402   -1.238382   -1.222776
C      2.732752   -0.180397   -0.382601
C      3.886886    0.584655   -0.638095
H      7.003334    2.923784   -1.025650
H      6.629432    1.196376   -0.998487
H      5.647697    2.338576   -1.997395
H      3.727455    2.745094    1.974726
H      1.703425    1.430552    2.450974
H      0.165937   -0.413798    1.863474
H      0.324310   -4.294748    0.802413
H     -1.633204   -5.706944    1.287810
H     -3.917422   -4.739787    1.206855
H     -4.234433   -2.366871    0.628814
H     -3.134351   -0.009679    1.989284
H     -4.329933    3.417963    1.254413
H     -4.373575    2.092629    2.416141
H     -2.903069    3.086611    2.267450
H     -3.061776    3.209405   -0.859994
H     -1.181105    1.283819   -3.391098
H     -2.907754    1.667537   -3.604247
H     -1.782816    2.878850   -2.942395
H     -1.703028   -0.705131   -2.005143
H      0.932950   -2.794899   -1.634309
H      2.953006   -1.488867   -2.096182
H      4.487770    0.337928   -1.507204

