%chk=opt.chk
%mem=2gb
%nproc=32
#p pbepbe 3-611+G(d) opt scf(xqc,tight)

opt calculation

0 1
C      6.974274    0.543475    0.205337
O      6.220142   -0.650342    0.370162
C      4.858565   -0.524760    0.379580
C      4.162697   -1.721307    0.526429
C      2.766703   -1.732412    0.558061
C      2.027474   -0.544870    0.425170
C      2.730638    0.664041    0.287103
C      4.140013    0.664641    0.270486
C      2.009287    1.983217    0.226536
C      0.602468    1.830247   -0.330374
C     -0.194661    0.789816    0.469301
C      0.505419   -0.597779    0.492153
C     -0.105007   -1.524904   -0.566676
C     -1.595114   -1.792326   -0.320340
C     -2.391346   -0.604979    0.289795
C     -2.640892   -0.850907    1.788722
C     -1.684338    0.743157    0.041340
C     -1.998894    1.043753   -1.436654
C     -3.322922    0.338396   -1.752755
C     -3.729644   -0.403072   -0.473935
O     -4.612425    0.427318    0.290159
C     -5.974278    0.287075   -0.093658
H      6.809025    1.232789    1.039949
H      6.752417    1.022384   -0.754146
H      8.034263    0.271645    0.203857
H      4.710579   -2.654768    0.626562
H      2.261495   -2.684891    0.700956
H      4.651076    1.617684    0.176784
H      1.971954    2.409294    1.236498
H      2.561419    2.685824   -0.409233
H      0.096692    2.802563   -0.295696
H      0.672500    1.536362   -1.384513
H     -0.190013    1.136757    1.514736
H      0.291817   -1.043068    1.473863
H      0.403621   -2.495317   -0.599938
H      0.039453   -1.092597   -1.564232
H     -1.684781   -2.663989    0.341843
H     -2.034235   -2.120613   -1.270759
H     -3.304189   -1.711262    1.933338
H     -1.715121   -1.055339    2.332965
H     -3.109091    0.013532    2.271968
H     -2.196240    1.525800    0.622457
H     -2.081282    2.123147   -1.606052
H     -1.229434    0.669627   -2.118203
H     -3.163461   -0.373197   -2.571019
H     -4.072007    1.063953   -2.084195
H     -4.216791   -1.362325   -0.687360
H     -6.319926   -0.732425    0.102573
H     -6.115892    0.534183   -1.149346
H     -6.572006    0.976771    0.508294

