,Metric mean,Metric lower,Metric upper,Baseline mean,Baseline lower,Baseline upper,Sizes
0,0.09149074011046299,0.0011825538283166239,0.16039003003725602,0.21440231718444663,0.16984061191800048,0.2504949258671213,112
1,0.23692626942162148,0.19333426486361696,0.30413151285388373,0.21440231718444663,0.16984061191800048,0.2504949258671213,224
2,0.28570623434229897,0.2257678975025757,0.33369978674525325,0.21440231718444663,0.16984061191800048,0.2504949258671213,337
3,0.32425859568527005,0.25484759028514753,0.36939322401395713,0.21440231718444663,0.16984061191800048,0.2504949258671213,449
4,0.350414997256269,0.29313618287950033,0.3789560778074094,0.21440231718444663,0.16984061191800048,0.2504949258671213,562
5,0.36942595737067146,0.30696546119409257,0.42577920264436464,0.21440231718444663,0.16984061191800048,0.2504949258671213,674
6,0.391462581772155,0.3123905034531027,0.43232938392401277,0.21440231718444663,0.16984061191800048,0.2504949258671213,786
7,0.4063191567448041,0.34999728745660186,0.44430619659496473,0.21440231718444663,0.16984061191800048,0.2504949258671213,899
8,0.4145058066420207,0.36110753340646073,0.4619857275219578,0.21440231718444663,0.16984061191800048,0.2504949258671213,1011
9,0.4240181272541026,0.38106655515881016,0.4673056546895824,0.21440231718444663,0.16984061191800048,0.2504949258671213,1124
