,Metric mean,Metric lower,Metric upper,Baseline mean,Baseline lower,Baseline upper,Sizes
0,0.1439096810670709,0.04740980939719584,0.25692135580275344,0.22973981404417343,0.15331613456065374,0.2756687176770525,112
1,0.22053229385231435,0.1435824724702045,0.2899087727051575,0.22973981404417343,0.15331613456065374,0.2756687176770525,224
2,0.2605092585802873,0.1790176364741641,0.3506321143184080,0.22973981404417343,0.15331613456065374,0.2756687176770525  ,337
3,0.29652002826083446,0.19255770958691237,0.3820108885357145,0.22973981404417343,0.15331613456065374,0.2756687176770525,449
4,0.32307512052781484,0.24834051832189746,0.4049820593979157,0.22973981404417343,0.15331613456065374,0.2756687176770525,562
5,0.3450448268934236,0.2763395299468413,0.4126297523628079,0.22973981404417343,0.15331613456065374,0.2756687176770525,674
6,0.3588014385269092,0.2988832395191344,0.42361634440836443,0.22973981404417343,0.15331613456065374,0.2756687176770525,786
7,0.3752523296200231,0.32904119637198925,0.43746403751725427,0.22973981404417343,0.15331613456065374,0.2756687176770525,899
8,0.39116283610156766,0.34210093567256306,0.4464722257477658,0.22973981404417343,0.15331613456065374,0.2756687176770525,1011
9,0.40132432487796393,0.35304522097668095,0.45099642502850384,0.22973981404417343,0.15331613456065374,0.2756687176770525,1124
