,Metric mean,Metric lower,Metric upper,Baseline mean,Baseline lower,Baseline upper,Sizes
0,0.2569056133026919,0.2569056133026919,0.2569056133026919,0.2622327789730945,0.2622327789730945,0.2622327789730945,112
1,0.3309229850472869,0.3309229850472869,0.3309229850472869,0.2622327789730945,0.2622327789730945,0.2622327789730945,224
2,0.4016340812346907,0.4016340812346907,0.4016340812346907,0.2622327789730945,0.2622327789730945,0.2622327789730945,337
3,0.5220389110385409,0.5220389110385409,0.5220389110385409,0.2622327789730945,0.2622327789730945,0.2622327789730945,449
4,0.5402361540157213,0.5402361540157213,0.5402361540157213,0.2622327789730945,0.2622327789730945,0.2622327789730945,562
5,0.5720846948065513,0.5720846948065513,0.5720846948065513,0.2622327789730945,0.2622327789730945,0.2622327789730945,674
6,0.5801861944760656,0.5801861944760656,0.5801861944760656,0.2622327789730945,0.2622327789730945,0.2622327789730945,786
7,0.6126275942858926,0.6126275942858926,0.6126275942858926,0.2622327789730945,0.2622327789730945,0.2622327789730945,899
8,0.6008735100681641,0.6008735100681641,0.6008735100681641,0.2622327789730945,0.2622327789730945,0.2622327789730945,1011
9,0.6040191576467764,0.6040191576467764,0.6040191576467764,0.2622327789730945,0.2622327789730945,0.2622327789730945,1124
