,Metric mean,Metric lower,Metric upper,Baseline mean,Baseline lower,Baseline upper,Sizes
0,0.2485728826288438,0.2485728826288438,0.2485728826288438,0.2622327789730945,0.2622327789730945,0.2622327789730945,112
1,0.2668767788251195,0.2668767788251195,0.2668767788251195,0.2622327789730945,0.2622327789730945,0.2622327789730945,224
2,0.2898581882058605,0.2898581882058605,0.2898581882058605,0.2622327789730945,0.2622327789730945,0.2622327789730945,337
3,0.44995882353957084,0.44995882353957084,0.44995882353957084,0.2622327789730945,0.2622327789730945,0.2622327789730945,449
4,0.4266749837665931,0.4266749837665931,0.4266749837665931,0.2622327789730945,0.2622327789730945,0.2622327789730945,562
5,0.46570839440308276,0.46570839440308276,0.46570839440308276,0.2622327789730945,0.2622327789730945,0.2622327789730945,674
6,0.505236052183145,0.505236052183145,0.505236052183145,0.2622327789730945,0.2622327789730945,0.2622327789730945,786
7,0.5228196967004394,0.5228196967004394,0.5228196967004394,0.2622327789730945,0.2622327789730945,0.2622327789730945,899
8,0.548490702929622,0.548490702929622,0.548490702929622,0.2622327789730945,0.2622327789730945,0.2622327789730945,1011
9,0.5815708073439247,0.5815708073439247,0.5815708073439247,0.2622327789730945,0.2622327789730945,0.2622327789730945,1124
